symbol,open,high,low,close,volume
aaa,4.24,4.27,4.07,4.18,348600
aaa,,,,4.18,0
aam,12.46,12.63,12.19,12.63,2910
abt,16.82,16.82,16.82,16.81,20010
abt,,,,16.81,0
acb,11.91,12.02,11.91,12.02,197500
acb,,,,12.02,0
acc,8.69,8.69,8.69,8.69,500
acc,,,,8.69,0
acl,10.4,10.4,10.14,10.15,320
acl,,,,10.15,0
adc,,,,2.04,0
adc,,,,2.04,0
agf,7.75,7.92,7.75,7.92,2310
agf,,,,7.92,0
agr,6.45,6.45,6.45,6.45,5720
agr,,,,6.45,0
alt,7.49,7.49,7.02,7.02,1200
alt,,,,7.02,0
alv,3.8,3.88,3.8,3.88,4200
alv,,,,3.88,0
ame,3.8,3.8,3.7,3.7,800
ame,,,,3.7,0
amv,6.5,6.5,6.4,6.4,3500
amv,,,,6.4,0
anv,1.81,1.93,1.81,1.9,4910
anv,,,,1.9,0
apc,9.02,9.25,9.02,9.02,7120
apc,,,,9.02,0
apg,4.23,4.23,3.68,3.86,67200
apg,,,,3.86,0
api,4.5,4.7,4.5,4.7,74100
api,,,,4.7,0
app,3.71,3.71,3.71,3.7,1000
app,,,,3.7,0
aps,3.9,4.0,3.9,3.9,26300
aps,,,,3.9,0
arm,5.71,5.71,5.71,5.71,2100
arm,,,,5.71,0
asm,12.11,12.22,11.83,12.22,40980
asm,,,,12.22,0
asp,3.49,3.49,3.35,3.35,5150
asp,,,,3.35,0
b82,5.72,5.72,5.72,5.72,100
b82,,,,5.72,0
bbc,9.75,9.83,9.67,9.75,22340
bbc,,,,9.75,0
bbs,4.6,4.6,4.33,4.32,200
bbs,,,,4.32,0
bcc,2.98,3.06,2.98,3.06,16400
bcc,,,,3.06,0
bce,2.96,2.96,2.96,2.96,20
bci,8.97,9.25,8.97,9.25,20080
bci,,,,9.25,0
bdb,,,,3.2,0
bdb,,,,3.2,0
bed,,,,5.93,0
bed,,,,5.93,0
bgm,8.04,8.13,7.59,7.86,322870
bgm,,,,7.86,0
bhs,8.42,8.42,8.37,8.37,2610
bhs,,,,8.37,0
bht,,,,8.02,0
bht,,,,8.02,0
bkc,10.0,10.0,9.6,9.8,33600
bkc,,,,9.8,0
blf,1.81,1.81,1.76,1.76,2000
blf,,,,1.76,0
bmc,8.41,8.44,8.3,8.41,23820
bmc,,,,8.41,0
bmi,5.72,5.72,5.61,5.66,5500
bmi,,,,5.66,0
bmp,10.37,10.37,9.99,10.28,10610
bmp,,,,10.28,0
bpc,3.64,3.64,3.64,3.64,1800
bpc,,,,3.64,0
bsc,,,,5.79,0
bsc,,,,5.79,0
bsi,7.04,7.3,7.04,7.3,36280
bsi,,,,7.3,0
bst,2.6,2.6,2.6,2.6,100
bst,,,,2.6,0
btp,2.31,2.31,2.25,2.31,9290
btp,,,,2.31,0
bts,3.94,4.12,3.94,4.12,2100
bts,,,,4.12,0
btt,7.59,7.59,7.59,7.59,1010
btt,,,,7.59,0
bvh,47.64,48.49,47.21,48.06,85710
bvh,,,,48.06,0
bvs,15.93,16.03,15.07,15.74,1561600
bvs,,,,15.74,0
bxh,,,,6.11,0
bxh,,,,6.11,0
c32,,,,1.44,0
c32,,,,1.44,0
c47,3.59,3.7,3.59,3.7,5990
c47,,,,3.7,0
c92,5.0,5.11,5.0,5.06,2100
c92,,,,5.06,0
can,16.69,16.69,14.6,14.59,1300
can,,,,14.59,0
cap,2.24,2.24,2.24,2.24,500
cap,,,,2.24,0
cci,5.73,5.73,5.51,5.51,20
cci,,,,5.51,0
ccl,,,,9.24,0
ccl,,,,9.24,0
ccm,8.22,8.38,7.98,7.98,5700
ccm,,,,7.98,0
cdc,6.24,6.44,6.24,6.43,15130
cdc,,,,6.43,0
chp,3.55,3.55,3.55,3.55,100
chp,,,,3.55,0
cig,5.36,5.36,5.18,5.18,9060
cig,,,,5.18,0
cii,9.28,9.37,8.87,9.28,204010
cii,,,,9.28,0
cjc,6.64,6.68,6.64,6.68,1200
cjc,,,,6.68,0
ckv,,,,7.25,0
ckv,,,,7.25,0
clc,4.35,4.35,4.18,4.18,10010
clc,,,,4.18,0
clg,8.17,8.63,8.17,8.26,61680
clg,,,,8.26,0
clw,4.24,4.3,4.24,4.3,6000
clw,,,,4.3,0
cmc,,,,8.2,0
cmc,,,,8.2,0
cmg,6.62,6.62,6.55,6.55,10550
cmg,,,,6.55,0
cmi,6.04,6.13,6.04,6.04,20200
cmi,,,,6.04,0
cms,5.22,5.22,5.22,5.22,1200
cms,,,,5.22,0
cmt,5.75,5.75,5.66,5.75,22200
cmt,,,,5.75,0
cmv,,,,11.15,0
cmv,,,,11.15,0
cmx,8.4,8.4,8.4,8.4,250
cmx,,,,8.4,0
com,,,,18.54,0
com,,,,18.54,0
cpc,5.42,5.42,5.42,5.42,100
cpc,,,,5.42,0
csc,,,,7.82,0
csc,,,,7.82,0
csm,4.21,4.24,4.15,4.22,42760
csm,,,,4.22,0
ct6,,,,4.79,0
ct6,,,,4.79,0
cta,4.86,4.95,4.67,4.95,18100
cta,,,,4.95,0
ctb,,,,6.94,0
ctb,,,,6.94,0
ctc,4.39,4.39,4.33,4.39,35600
ctc,,,,4.39,0
ctd,19.65,20.49,19.65,20.5,9470
ctd,,,,20.5,0
ctg,12.62,12.77,12.62,12.72,113980
ctg,,,,12.72,0
cti,10.76,10.95,10.7,10.95,4500
cti,,,,10.95,0
cts,4.21,4.21,4.15,4.15,78800
cts,,,,4.15,0
cvn,,,,38.0,0
cvn,,,,38.0,0
cvt,1.74,1.74,1.7,1.7,11000
cvt,,,,1.7,0
cx8,4.97,4.97,4.9,4.9,1200
cx8,,,,4.9,0
d11,10.32,10.32,10.32,10.32,500
d11,,,,10.32,0
d2d,8.87,8.97,8.82,8.97,3090
d2d,,,,8.97,0
dad,2.4,2.44,2.4,2.44,2600
dad,,,,2.44,0
dae,3.16,3.2,3.16,3.21,3000
dae,,,,3.21,0
dag,4.32,4.32,4.32,4.32,1970
dag,,,,4.32,0
dbc,7.69,7.69,7.49,7.69,69100
dbc,,,,7.69,0
dbt,,,,4.24,0
dbt,,,,4.24,0
dc2,6.43,6.43,6.43,6.43,100
dc2,,,,6.43,0
dc4,3.96,3.96,3.96,3.96,100
dc4,,,,3.96,0
dcl,3.78,3.78,3.6,3.65,56360
dcl,,,,3.65,0
dcs,6.84,6.84,6.45,6.74,378200
dcs,,,,6.74,0
dha,6.63,6.69,6.57,6.69,12190
dha,,,,6.69,0
dhc,4.98,4.98,4.74,4.74,55030
dhc,,,,4.74,0
dhg,22.19,22.78,22.19,22.79,26420
dhg,,,,22.79,0
dht,5.45,5.45,5.45,5.45,500
dht,,,,5.45,0
dic,5.39,5.57,5.39,5.45,74120
dic,,,,5.45,0
did,,,,6.57,0
did,,,,6.57,0
dig,6.76,7.12,6.76,7.12,292740
dig,,,,7.12,0
dih,,,,6.05,0
dih,,,,6.05,0
dl1,,,,3.99,0
dl1,,,,3.99,0
dlg,20.42,21.16,20.34,21.15,23610
dlg,,,,21.15,0
dlr,12.59,12.67,12.34,12.68,71000
dlr,,,,12.68,0
dmc,9.59,9.59,9.44,9.44,5470
dnc,2.4,2.4,2.4,2.4,100
dnc,,,,2.4,0
dnm,5.74,5.74,5.74,5.74,200
dnm,,,,5.74,0
dnp,,,,0.74,0
dnp,,,,0.74,0
dny,,,,6.43,0
dny,,,,6.43,0
dpc,,,,8.47,0
dpc,,,,8.47,0
dpm,14.05,14.14,14.01,14.1,442050
dpm,,,,14.1,0
dpr,26.89,26.89,26.14,26.39,950
dpr,,,,26.39,0
dqc,6.52,6.73,6.52,6.73,65230
dqc,,,,6.73,0
drc,5.64,5.72,5.55,5.66,28630
drc,,,,5.66,0
drh,3.91,3.91,3.75,3.75,11400
drh,,,,3.75,0
dsn,6.87,6.91,6.87,6.91,390
dsn,,,,6.91,0
dst,,,,2.01,0
dst,,,,2.01,0
dta,5.6,5.7,5.5,5.7,23650
dta,,,,5.7,0
dtl,14.93,15.01,14.93,15.01,42000
dtl,,,,15.01,0
dtt,5.02,5.1,5.02,5.11,2430
dtt,,,,5.11,0
dvp,10.66,11.19,10.66,11.1,2540
dvp,,,,11.1,0
dxg,5.62,5.62,5.47,5.59,20690
dxg,,,,5.59,0
dxp,5.5,5.64,5.5,5.64,2000
dxp,,,,5.64,0
dxv,4.44,4.44,4.35,4.43,14720
dxv,,,,4.43,0
dzm,9.56,11.0,9.56,11.0,138900
dzm,,,,11.0,0
ebs,3.25,3.25,3.1,3.2,77500
ebs,,,,3.2,0
eci,2.68,2.68,2.5,2.49,3200
eci,,,,2.49,0
eib,10.04,10.04,9.9,9.97,255130
eib,,,,9.97,0
eid,3.15,3.19,3.15,3.19,7700
eid,,,,3.19,0
elc,12.31,12.99,12.31,12.99,26000
elc,,,,12.99,0
eve,11.5,11.86,11.5,11.86,160
eve,,,,11.86,0
fdc,,,,15.0,0
fdc,,,,15.0,0
fmc,2.08,2.14,2.08,2.14,17670
fmc,,,,2.14,0
fpt,14.43,14.43,14.04,14.17,94480
fpt,,,,14.17,0
gdt,4.37,4.37,4.37,4.37,1000
gdt,,,,4.37,0
gil,12.04,12.04,11.99,12.04,7000
gil,,,,12.04,0
glt,4.94,4.94,4.94,4.94,300
glt,,,,4.94,0
gmc,4.86,4.86,4.66,4.66,510
gmc,,,,4.66,0
gmd,9.38,9.38,9.25,9.3,71310
gmd,,,,9.3,0
gta,4.68,4.74,4.68,4.74,1760
gta,,,,4.74,0
had,,,,14.4,0
had,,,,14.4,0
hag,23.06,23.82,22.99,23.12,134510
hag,,,,23.12,0
hai,7.17,7.17,7.14,7.14,140
hai,,,,7.14,0
hap,2.37,2.47,2.37,2.47,23460
hap,,,,2.47,0
has,4.5,4.5,4.5,4.5,3080
has,,,,4.5,0
hat,13.86,13.86,13.66,13.65,1100
hat,,,,13.65,0
hax,2.64,2.84,2.64,2.84,940
hax,,,,2.84,0
hbc,2.79,2.79,2.73,2.79,11490
hbc,,,,2.79,0
hbe,2.8,2.8,2.8,2.8,400
hbe,,,,2.8,0
hbs,13.9,13.9,13.8,13.8,603900
hbs,,,,13.8,0
hcc,,,,5.29,0
hcc,,,,5.29,0
hcm,7.91,8.11,7.91,8.12,98240
hcm,,,,8.12,0
hct,,,,5.32,0
hct,,,,5.32,0
hda,4.87,4.87,4.73,4.74,1000
hda,,,,4.74,0
hdc,6.6,7.01,6.6,7.02,1680
hdc,,,,7.02,0
hdg,6.78,6.82,6.52,6.63,7710
hdg,,,,6.63,0
hdo,8.01,8.1,7.73,7.91,35000
hdo,,,,7.91,0
hev,3.56,3.56,3.51,3.51,5800
hev,,,,3.51,0
hgm,,,,27.14,0
hgm,,,,27.14,0
hhc,6.16,6.43,6.16,6.43,4500
hhc,,,,6.43,0
hhg,2.61,2.76,2.61,2.76,1500
hhg,,,,2.76,0
hjs,2.92,2.92,2.82,2.87,13100
hjs,,,,2.87,0
hlc,,,,3.87,0
hlc,,,,3.87,0
hlg,9.22,9.31,9.04,9.3,35450
hlg,,,,9.3,0
hly,,,,13.16,0
hly,,,,13.16,0
hmc,5.18,5.28,5.18,5.28,1010
hmc,,,,5.28,0
hmh,4.18,4.21,3.98,4.21,4800
hmh,,,,4.21,0
hnm,5.51,5.51,5.31,5.32,4900
hnm,,,,5.32,0
hom,2.51,2.61,2.51,2.61,20600
hom,,,,2.61,0
hot,,,,8.14,0
hot,,,,8.14,0
hpg,4.14,4.14,4.07,4.07,239280
hpg,,,,4.07,0
hqc,5.95,6.09,5.7,6.09,1050770
hqc,,,,6.09,0
hrc,28.11,28.11,28.11,28.11,1000
hrc,,,,28.11,0
hsg,1.59,1.61,1.58,1.61,167780
hsg,,,,1.61,0
hst,,,,3.54,0
hst,,,,3.54,0
ht1,3.09,3.16,3.09,3.09,16980
ht1,,,,3.09,0
htc,3.97,3.97,3.97,3.96,1000
htc,,,,3.96,0
hti,3.53,3.53,3.53,3.54,30
hti,,,,3.54,0
htl,,,,2.75,0
htl,,,,2.75,0
htp,2.19,2.19,2.14,2.19,13600
htp,,,,2.19,0
htv,4.24,4.33,4.24,4.33,700
htv,,,,4.33,0
hu1,,,,3.18,0
hu1,,,,3.18,0
hu3,,,,4.23,0
hu3,,,,4.23,0
hut,5.84,5.95,5.54,5.6,298800
hut,,,,5.6,0
hvg,4.46,4.46,4.42,4.44,78020
hvg,,,,4.44,0
hvt,,,,3.36,0
hvt,,,,3.36,0
hvx,3.47,3.47,3.47,3.47,5530
hvx,,,,3.47,0
icf,5.5,5.5,5.5,5.5,1030
icf,,,,5.5,0
icg,9.96,9.96,9.8,9.96,1154500
icg,,,,9.96,0
idi,4.83,4.83,4.68,4.84,43090
idi,,,,4.84,0
idj,4.55,4.55,4.37,4.55,183100
idj,,,,4.55,0
idv,,,,3.69,0
idv,,,,3.69,0
ijc,4.03,4.09,3.97,4.03,290430
ijc,,,,4.03,0
imp,15.66,15.66,15.66,15.66,10
imp,,,,15.66,0
inc,,,,5.71,0
inc,,,,5.71,0
inn,,,,3.58,0
inn,,,,3.58,0
ita,6.43,6.5,6.29,6.43,675310
ita,,,,6.43,0
itc,12.01,12.47,12.01,12.48,371270
itc,,,,12.48,0
itd,4.76,4.76,4.76,4.77,100
itd,,,,4.77,0
ivs,3.44,3.68,3.44,3.44,28100
ivs,,,,3.44,0
jvc,6.45,6.62,6.45,6.62,21470
jvc,,,,6.62,0
kac,13.13,13.13,12.97,13.13,80920
kac,,,,13.13,0
kbc,11.9,12.4,11.9,12.4,315150
kbc,,,,12.4,0
kdc,10.75,10.92,10.48,10.92,168900
kdc,,,,10.92,0
kdh,16.87,17.47,16.87,17.01,108440
kdh,,,,17.01,0
kha,5.45,5.45,5.45,5.45,10400
kha,,,,5.45,0
khb,10.27,10.45,10.18,10.45,106000
khb,,,,10.45,0
khp,3.52,3.57,3.42,3.52,39000
khp,,,,3.52,0
kkc,5.1,5.18,4.98,5.1,69700
kkc,,,,5.1,0
kmr,3.58,3.65,3.51,3.65,147610
kmr,,,,3.65,0
kmt,4.28,4.28,4.28,4.28,3400
kmt,,,,4.28,0
ksa,10.34,10.42,10.17,10.42,39240
ksa,,,,10.42,0
ksb,,,,5.41,0
ksb,,,,5.41,0
ksd,4.7,4.7,4.6,4.7,15500
ksd,,,,4.7,0
ksh,14.31,14.58,14.31,14.58,170
ksh,,,,14.58,0
kst,4.26,4.26,4.18,4.18,200
kst,,,,4.18,0
kts,,,,4.4,0
kts,,,,4.4,0
ktt,,,,10.0,0
ktt,,,,10.0,0
l10,4.51,4.51,4.51,4.52,60
l10,,,,4.52,0
l18,3.54,3.7,3.54,3.53,5700
l18,,,,3.53,0
l35,2.34,2.34,2.23,2.23,7300
l35,,,,2.23,0
l43,7.47,7.47,7.47,7.47,100
l43,,,,7.47,0
l44,4.34,4.34,4.27,4.34,1000
l44,,,,4.34,0
l61,3.95,3.95,3.95,3.95,1300
l61,,,,3.95,0
l62,,,,6.19,0
l62,,,,6.19,0
laf,15.8,15.8,15.6,15.8,29640
laf,,,,15.8,0
lbe,2.99,3.08,2.99,3.08,700
lbe,,,,3.08,0
lbm,3.7,3.7,3.6,3.7,26430
lbm,,,,3.7,0
lcd,,,,3.14,0
lcd,,,,3.14,0
lcg,10.98,11.31,10.81,11.31,1301100
lcg,,,,11.31,0
lcs,6.43,6.95,6.43,6.94,90300
lcs,,,,6.94,0
ldp,,,,4.21,0
ldp,,,,4.21,0
lgc,7.93,7.93,7.93,7.93,5000
lgc,,,,7.93,0
lgl,5.03,5.09,4.91,5.09,4010
lgl,,,,5.09,0
lhc,6.34,6.34,6.34,6.34,1000
lhc,,,,6.34,0
lhg,13.74,13.74,13.74,13.74,10
lhg,,,,13.74,0
lig,4.58,4.67,4.49,4.58,18000
lig,,,,4.58,0
lix,7.16,7.7,7.16,7.7,720
lix,,,,7.7,0
lm7,4.46,4.89,4.46,4.89,200
lm7,,,,4.89,0
lm8,4.58,4.58,4.3,4.3,940
lm8,,,,4.3,0
lo5,3.48,3.48,3.4,3.39,1000
lo5,,,,3.39,0
lss,13.58,13.58,13.45,13.51,11550
lss,,,,13.51,0
ltc,5.11,5.26,5.03,5.27,12500
ltc,,,,5.27,0
lut,9.4,9.4,8.7,9.3,51100
lut,,,,9.3,0
mac,2.27,2.4,2.27,2.4,27000
mac,,,,2.4,0
mas,,,,3.13,0
mas,,,,3.13,0
mcc,,,,8.0,0
mcc,,,,8.0,0
mcf,,,,3.97,0
mcf,,,,3.97,0
mcg,10.0,10.3,9.8,10.3,194850
mcg,,,,10.3,0
mco,,,,4.6,0
mco,,,,4.6,0
mcp,5.42,5.42,5.42,5.42,740
mcp,,,,5.42,0
mdc,,,,3.31,0
mdc,,,,3.31,0
mdg,3.8,3.85,3.8,3.8,10990
mdg,,,,3.8,0
mec,5.69,5.69,5.61,5.69,3700
mec,,,,5.69,0
mhc,1.58,1.58,1.58,1.57,12960
mhc,,,,1.57,0
mhl,13.63,13.63,12.98,12.98,1400
mhl,,,,12.98,0
mim,8.89,8.97,8.89,8.88,3600
mim,,,,8.88,0
mkv,,,,5.33,0
mkv,,,,5.33,0
mnc,1.85,1.85,1.85,1.85,200
mnc,,,,1.85,0
msn,62.33,62.97,62.33,62.34,25630
msn,,,,62.34,0
nag,5.33,5.33,4.93,4.93,1300
nag,,,,4.93,0
nav,3.74,3.74,3.57,3.74,870
nav,,,,3.74,0
nbb,17.62,17.62,16.0,17.54,50030
nbb,,,,17.54,0
nbc,2.11,2.11,2.05,2.1,22600
nbc,,,,2.1,0
nbp,8.44,8.44,7.89,7.89,6000
nbp,,,,7.89,0
ndn,2.93,2.97,2.93,2.94,20200
ndn,,,,2.94,0
net,6.27,6.27,6.27,6.27,100
net,,,,6.27,0
ngc,,,,2.4,0
ngc,,,,2.4,0
nha,6.29,6.29,6.29,6.3,100
nha,,,,6.3,0
nhc,6.7,6.7,6.7,6.7,4100
nhc,,,,6.7,0
nkg,5.63,5.66,5.57,5.6,52850
nkg,,,,5.6,0
nnc,4.52,4.52,4.52,4.52,3080
nnc,,,,4.52,0
nps,5.77,6.25,5.77,6.26,4000
nps,,,,6.26,0
nsc,18.92,18.92,18.92,18.92,100
nsc,,,,18.92,0
nst,5.33,5.33,5.33,5.33,1400
nst,,,,5.33,0
nt2,,,,3.09,0
nt2,,,,3.09,0
ntl,13.22,13.61,12.64,13.35,209380
ntl,,,,13.35,0
ntp,,,,10.14,0
ntp,,,,10.14,0
nvb,7.66,8.43,7.66,8.43,200
nvb,,,,8.43,0
nvt,4.1,4.2,3.9,3.9,765370
nvt,,,,3.9,0
och,9.95,10.08,9.82,9.95,101000
och,,,,9.95,0
ogc,8.37,8.59,8.29,8.59,419290
ogc,,,,8.59,0
one,3.04,3.15,3.04,3.15,1700
one,,,,3.15,0
opc,10.21,10.37,10.21,10.38,1150
opc,,,,10.38,0
ors,3.9,4.0,3.8,3.9,108300
ors,,,,3.9,0
pac,,,,11.0,0
pac,,,,11.0,0
pan,,,,5.58,0
pan,,,,5.58,0
pcg,,,,3.92,0
pcg,,,,3.92,0
pct,2.79,2.79,2.63,2.62,5300
pct,,,,2.62,0
pdc,4.2,4.3,4.2,4.3,60300
pdc,,,,4.3,0
pdr,14.66,14.66,14.31,14.6,4600
pdr,,,,14.6,0
pet,5.46,5.59,5.42,5.6,117670
pet,,,,5.6,0
pgc,1.88,1.88,1.85,1.88,11510
pgc,,,,1.88,0
pgd,11.16,11.29,11.13,11.29,13460
pgd,,,,11.29,0
pgi,3.97,3.97,3.86,3.97,69830
pgi,,,,3.97,0
pgs,7.31,7.6,7.19,7.52,1394800
pgs,,,,7.52,0
pgt,4.55,4.72,4.55,4.72,21000
pgt,,,,4.72,0
phc,4.64,4.92,4.64,4.92,2400
phc,,,,4.92,0
phr,9.97,9.97,9.81,9.81,21530
phr,,,,9.81,0
pit,6.62,6.93,6.62,6.78,4440
pit,,,,6.78,0
piv,5.85,5.85,5.85,5.85,100
piv,,,,5.85,0
pjc,,,,4.38,0
pjc,,,,4.38,0
pjt,2.35,2.35,2.35,2.35,5600
pjt,,,,2.35,0
plc,5.58,5.58,5.55,5.58,2200
plc,,,,5.58,0
pmc,7.71,7.71,7.62,7.67,4700
pmc,,,,7.67,0
pms,,,,4.47,0
pms,,,,4.47,0
pnc,5.09,5.18,5.09,5.18,10740
pnc,,,,5.18,0
pnj,9.51,9.54,9.23,9.35,141560
pnj,,,,9.35,0
pom,12.0,12.09,11.91,11.91,5990
pom,,,,11.91,0
pot,5.85,6.15,5.78,6.0,11300
pot,,,,6.0,0
ppc,3.11,3.22,3.11,3.22,243230
ppc,,,,3.22,0
ppi,5.93,6.17,5.93,6.17,14230
ppi,,,,6.17,0
ppp,4.66,4.66,4.18,4.18,14800
ppp,,,,4.18,0
pps,3.7,4.02,3.7,3.98,35800
pps,,,,3.98,0
prc,,,,3.87,0
prc,,,,3.87,0
psc,4.92,4.92,4.92,4.91,100
psc,,,,4.91,0
psi,6.2,6.2,5.9,6.1,278000
psi,,,,6.1,0
ptb,2.22,2.25,2.22,2.25,3070
ptb,,,,2.25,0
ptc,6.89,6.89,6.89,6.89,20300
ptc,,,,6.89,0
ptd,,,,1.84,0
ptd,,,,1.84,0
pti,5.29,5.29,5.13,5.24,34500
pti,,,,5.24,0
ptl,7.28,7.28,7.19,7.28,45360
ptl,,,,7.28,0
pts,5.53,5.72,5.53,5.72,2000
pts,,,,5.72,0
pv2,5.3,5.3,5.2,5.3,58800
pv2,,,,5.3,0
pvc,10.78,10.91,10.51,10.84,239700
pvc,,,,10.84,0
pvd,22.53,22.53,22.35,22.35,20810
pvd,,,,22.35,0
pve,5.47,5.53,5.31,5.53,73900
pve,,,,5.53,0
pvg,8.79,8.94,8.58,8.87,570000
pvg,,,,8.87,0
pvi,11.98,12.91,11.98,12.58,311400
pvi,,,,12.58,0
pvl,4.7,4.7,4.6,4.6,137000
pvl,,,,4.6,0
pvr,8.98,8.98,8.89,8.89,62100
pvr,,,,8.89,0
pvs,7.36,7.59,7.36,7.55,87000
pvs,,,,7.55,0
pvt,2.82,2.82,2.75,2.82,160060
pvt,,,,2.82,0
pvv,7.1,7.2,6.7,6.8,46100
pvv,,,,6.8,0
pvx,10.86,11.05,10.48,10.95,3490400
pvx,,,,10.95,0
pxa,4.66,4.85,4.66,4.66,56600
pxa,,,,4.66,0
pxi,5.31,5.31,5.17,5.24,10860
pxi,,,,5.24,0
pxs,4.31,4.31,4.22,4.3,30440
pxs,,,,4.3,0
pxt,4.45,4.53,4.45,4.53,18930
pxt,,,,4.53,0
qcg,15.83,16.36,15.83,16.27,257240
qcg,,,,16.27,0
qhd,3.09,3.09,3.09,3.1,500
qhd,,,,3.1,0
qnc,8.5,8.65,8.5,8.5,13000
qnc,,,,8.5,0
qst,,,,2.84,0
qst,,,,2.84,0
qtc,2.85,3.01,2.85,3.01,1500
qtc,,,,3.01,0
ral,9.7,9.82,9.7,9.76,7010
ral,,,,9.76,0
rcl,10.04,10.04,10.04,10.04,1000
rcl,,,,10.04,0
rdp,3.16,3.38,3.16,3.38,1010
rdp,,,,3.38,0
ree,6.49,6.49,6.43,6.48,2195070
ree,,,,6.48,0
ric,8.06,8.16,8.06,8.16,120
ric,,,,8.16,0
s55,4.09,4.09,4.07,4.09,1200
s55,,,,4.09,0
s74,5.78,5.78,5.71,5.71,14600
s74,,,,5.71,0
s99,5.22,5.22,5.01,5.01,13500
s99,,,,5.01,0
saf,6.51,6.51,6.51,6.51,200
saf,,,,6.51,0
sam,3.04,3.14,3.04,3.09,698520
sam,,,,3.09,0
sap,,,,6.5,0
sap,,,,6.5,0
sav,12.2,12.2,12.2,12.21,1000
sav,,,,12.21,0
sba,2.88,2.88,2.82,2.82,1200
sba,,,,2.82,0
sbt,6.58,6.72,6.48,6.67,424440
sbt,,,,6.67,0
sc5,8.85,8.85,8.54,8.85,6540
sc5,,,,8.85,0
scd,11.93,11.93,10.85,10.85,20
scd,,,,10.85,0
scj,4.26,4.26,4.02,4.22,800
scj,,,,4.22,0
scl,5.64,5.64,5.23,5.23,5100
scl,,,,5.23,0
scr,5.81,5.92,5.76,5.86,689600
scr,,,,5.86,0
sd2,4.13,4.18,4.09,4.13,8200
sd2,,,,4.13,0
sd4,2.1,2.1,2.1,2.1,1000
sd4,,,,2.1,0
sd5,6.83,6.83,6.72,6.72,3600
sd5,,,,6.72,0
sd6,4.1,4.1,3.72,3.91,43500
sd6,,,,3.91,0
sd7,14.4,14.6,14.2,14.6,7200
sd7,,,,14.6,0
sd9,4.73,4.73,4.49,4.59,34400
sd9,,,,4.59,0
sda,5.2,5.2,5.08,5.14,10600
sda,,,,5.14,0
sdc,6.55,6.55,6.55,6.55,100
sdc,,,,6.55,0
sdd,5.72,5.72,5.43,5.53,231600
sdd,,,,5.53,0
sde,3.87,3.87,3.87,3.87,100
sde,,,,3.87,0
sdg,9.97,9.97,9.97,9.98,10000
sdg,,,,9.98,0
sdh,11.2,11.2,10.3,10.6,457700
sdh,,,,10.6,0
sdn,,,,7.21,0
sdn,,,,7.21,0
sdp,5.25,5.25,5.02,5.1,58400
sdp,,,,5.1,0
sdt,4.86,4.86,4.72,4.81,7200
sdt,,,,4.81,0
sdu,13.0,13.0,13.0,13.0,1100
sdu,,,,13.0,0
sdy,3.9,3.9,3.9,3.9,4400
sdy,,,,3.9,0
seb,2.17,2.17,2.17,2.17,1000
seb,,,,2.17,0
sed,,,,3.22,0
sed,,,,3.22,0
sfc,11.63,11.63,11.63,11.63,300
sfc,,,,11.63,0
sfi,6.93,6.93,6.87,6.87,18150
sfi,,,,6.87,0
sfn,4.36,4.36,4.36,4.36,100
sfn,,,,4.36,0
sgc,7.31,7.31,7.31,7.31,3000
sgc,,,,7.31,0
sgd,2.43,2.43,2.34,2.34,6200
sgd,,,,2.34,0
sgh,,,,18.66,0
sgh,,,,18.66,0
sgt,8.0,8.4,8.0,8.4,1990
sgt,,,,8.4,0
shb,4.51,4.63,4.51,4.57,766900
shb,,,,4.57,0
shi,4.6,4.65,4.6,4.65,2210
shi,,,,4.65,0
shn,10.38,10.76,10.0,10.57,1681000
shn,,,,10.57,0
shp,2.74,2.74,2.6,2.6,11700
shp,,,,2.6,0
shs,4.1,4.1,3.91,4.1,273900
shs,,,,4.1,0
sic,3.56,3.56,3.48,3.52,3900
sic,,,,3.52,0
sj1,,,,4.6,0
sj1,,,,4.6,0
sjc,5.5,5.5,5.09,5.45,600
sjc,,,,5.45,0
sjd,3.2,3.27,3.2,3.24,2520
sjd,,,,3.24,0
sje,4.82,5.01,4.82,4.82,5500
sje,,,,4.82,0
sjs,23.4,23.4,22.66,23.41,126280
sjs,,,,23.41,0
sma,4.05,4.05,4.05,4.04,2200
sma,,,,4.04,0
smc,5.93,6.06,5.93,6.02,10410
smc,,,,6.02,0
smt,2.05,2.05,2.05,2.05,1000
smt,,,,2.05,0
spm,38.5,40.47,38.5,40.47,610
spm,,,,40.47,0
spp,,,,14.64,0
spp,,,,14.64,0
sra,,,,6.8,0
sra,,,,6.8,0
src,4.45,4.74,4.45,4.64,171750
src,,,,4.64,0
srf,2.52,2.67,2.52,2.65,1370
srf,,,,2.65,0
ssc,14.98,14.98,14.31,14.31,3460
ssc,,,,14.31,0
ssi,10.47,10.81,10.47,10.81,2120950
ssi,,,,10.81,0
ssm,3.82,3.82,3.72,3.82,30000
ssm,,,,3.82,0
st8,2.42,2.42,2.28,2.28,30
st8,,,,2.28,0
stb,9.35,9.49,9.35,9.42,1237550
stb,,,,9.42,0
stc,3.64,3.64,3.64,3.64,400
stc,,,,3.64,0
stg,2.71,2.71,2.71,2.71,10
stg,,,,2.71,0
stp,6.94,7.13,6.71,7.03,107800
stp,,,,7.03,0
stt,5.03,5.03,4.75,4.94,15060
stt,,,,4.94,0
svc,10.36,10.36,10.36,10.36,100
svc,,,,10.36,0
svi,5.72,5.72,5.51,5.51,1500
svi,,,,5.51,0
svn,20.2,20.2,19.0,19.0,11500
svn,,,,19.0,0
szl,6.22,6.27,6.22,6.27,31710
szl,,,,6.27,0
tac,9.92,10.54,9.92,10.37,52530
tac,,,,10.37,0
tag,6.23,6.23,6.23,6.24,200
tag,,,,6.24,0
tbc,5.64,5.64,5.54,5.54,1750
tbc,,,,5.54,0
tbx,11.18,11.18,10.38,10.38,9000
tbx,,,,10.38,0
tc6,2.55,2.58,2.53,2.58,30500
tc6,,,,2.58,0
tcl,10.4,10.4,10.34,10.4,2640
tcl,,,,10.4,0
tcm,7.6,7.6,7.38,7.38,40080
tcm,,,,7.38,0
tco,,,,3.01,0
tco,,,,3.01,0
tcr,5.12,5.12,5.12,5.12,3500
tcr,,,,5.12,0
tcs,4.42,4.42,4.42,4.42,100
tcs,,,,4.42,0
tct,7.34,7.34,7.18,7.26,6000
tct,,,,7.26,0
tdc,3.22,3.22,3.09,3.21,106380
tdc,,,,3.21,0
tdh,8.88,8.99,8.73,8.99,112470
tdh,,,,8.99,0
tdn,3.23,3.29,3.2,3.29,5000
tdn,,,,3.29,0
tdw,4.84,5.14,4.84,4.96,2550
tdw,,,,4.96,0
tet,17.48,17.48,17.48,17.48,2400
tet,,,,17.48,0
th1,14.71,14.71,14.29,14.29,15300
th1,,,,14.29,0
thb,6.14,6.14,6.14,6.14,200
thb,,,,6.14,0
thg,2.78,2.78,2.66,2.66,10040
thg,,,,2.66,0
tht,2.06,2.06,2.06,2.06,500
tht,,,,2.06,0
tie,4.36,4.36,4.24,4.3,17080
tie,,,,4.3,0
tig,3.59,3.66,3.52,3.66,48500
tig,,,,3.66,0
tix,8.82,9.21,8.82,9.15,1660
tix,,,,9.15,0
tjc,2.81,2.81,2.69,2.69,3800
tjc,,,,2.69,0
tkc,5.41,5.41,5.41,5.41,2000
tkc,,,,5.41,0
tku,3.93,3.93,3.93,3.93,1700
tku,,,,3.93,0
tlg,4.27,4.27,4.24,4.27,20
tlg,,,,4.27,0
tlh,3.55,3.55,3.45,3.45,38870
tlh,,,,3.45,0
tmc,5.33,5.73,5.33,5.44,4000
tmc,,,,5.44,0
tmp,5.17,5.17,5.12,5.12,1020
tmp,,,,5.12,0
tms,11.95,12.46,11.95,12.46,320
tms,,,,12.46,0
tmt,3.73,3.73,3.49,3.48,9050
tmt,,,,3.48,0
tmx,4.38,4.38,4.32,4.33,2000
tmx,,,,4.33,0
tna,8.87,9.72,8.87,8.92,10280
tna,,,,8.92,0
tnc,7.69,7.74,7.64,7.69,51200
tnc,,,,7.69,0
tng,2.4,2.45,2.32,2.38,117000
tng,,,,2.38,0
tnt,6.48,6.48,6.08,6.08,11210
tnt,,,,6.08,0
tpc,4.49,4.55,4.39,4.49,40410
tpc,,,,4.49,0
tph,,,,2.52,0
tph,,,,2.52,0
tpp,1.8,1.8,1.77,1.8,11500
tpp,,,,1.8,0
tra,10.19,10.29,10.19,10.29,550
tra,,,,10.29,0
trc,21.17,21.17,21.17,21.17,5980
trc,,,,21.17,0
ts4,6.77,7.02,6.71,7.02,209670
ts4,,,,7.02,0
tsb,9.45,9.45,9.45,9.45,500
tsb,,,,9.45,0
tsc,3.14,3.14,3.08,3.14,29820
tsc,,,,3.14,0
tst,8.4,8.4,8.2,8.3,4100
tst,,,,8.3,0
ttc,1.83,1.83,1.83,1.83,21100
ttc,,,,1.83,0
ttf,6.16,6.31,6.08,6.15,2460
ttf,,,,6.15,0
tv1,3.89,3.99,3.84,3.99,12860
tv1,,,,3.99,0
tv2,,,,1.91,0
tv2,,,,1.91,0
tv3,,,,2.93,0
tv3,,,,2.93,0
tv4,3.51,3.51,3.39,3.47,10000
tv4,,,,3.47,0
tvd,,,,3.01,0
tvd,,,,3.01,0
txm,,,,2.66,0
txm,,,,2.66,0
tya,2.3,2.36,2.24,2.3,1520
tya,,,,2.3,0
udc,4.28,4.28,4.11,4.2,39350
udc,,,,4.2,0
uic,4.2,4.35,4.2,4.35,3750
uic,,,,4.35,0
uni,4.42,4.49,4.27,4.49,46800
uni,,,,4.49,0
v12,2.62,2.62,2.45,2.58,1300
v12,,,,2.58,0
v21,,,,11.68,0
v21,,,,11.68,0
vat,3.82,3.82,3.75,3.76,1700
vat,,,,3.76,0
vbc,,,,2.93,0
vbc,,,,2.93,0
vc1,4.58,4.58,4.55,4.56,600
vc1,,,,4.56,0
vc2,,,,8.93,0
vc2,,,,8.93,0
vc3,,,,6.2,0
vc3,,,,6.2,0
vc6,4.51,5.08,4.51,4.77,3800
vc6,,,,4.77,0
vc7,5.32,5.43,5.32,5.43,2900
vc7,,,,5.43,0
vc9,3.8,3.97,3.59,3.97,1200
vc9,,,,3.97,0
vcb,14.37,14.53,14.37,14.48,122120
vcb,,,,14.48,0
vcc,2.86,2.86,2.82,2.86,1400
vcc,,,,2.86,0
vcf,62.26,62.26,61.5,61.5,3520
vcf,,,,61.5,0
vcg,10.56,10.64,10.0,10.48,1866500
vcg,,,,10.48,0
vcm,3.06,3.06,2.82,2.82,600
vcm,,,,2.82,0
vcr,6.02,6.02,5.77,5.77,5800
vcr,,,,5.77,0
vcs,2.24,2.24,2.04,2.24,10400
vcs,,,,2.24,0
vdl,5.78,5.78,5.78,5.78,1800
vdl,,,,5.78,0
vds,4.59,4.59,4.59,4.59,200
vds,,,,4.59,0
ve1,4.5,4.7,4.2,4.2,31100
ve1,,,,4.2,0
ve2,2.32,2.32,2.32,2.32,100
ve2,,,,2.32,0
ve3,2.04,2.04,2.04,2.04,100
ve3,,,,2.04,0
ve9,3.86,4.04,3.86,4.04,164800
ve9,,,,4.04,0
vfg,9.65,9.65,9.65,9.65,180
vfg,,,,9.65,0
vgp,6.59,6.59,6.59,6.59,2000
vgp,,,,6.59,0
vgs,4.49,4.57,4.35,4.34,214200
vgs,,,,4.34,0
vhc,11.71,11.94,11.71,11.95,710
vhc,,,,11.95,0
vhg,3.53,3.53,3.47,3.53,96990
vhg,,,,3.53,0
vhl,10.04,10.04,10.04,10.04,100
vhl,,,,10.04,0
vic,21.47,22.09,21.47,21.89,82350
vic,,,,21.89,0
vid,4.44,4.44,4.26,4.26,7460
vid,,,,4.26,0
vie,,,,8.5,0
vie,,,,8.5,0
vig,3.7,3.8,3.6,3.8,123400
vig,,,,3.8,0
vip,3.27,3.27,3.22,3.22,54770
vip,,,,3.22,0
vis,12.75,13.07,12.59,13.07,306050
vis,,,,13.07,0
vit,,,,5.3,0
vit,,,,5.3,0
vix,2.41,2.41,2.41,2.41,4800
vix,,,,2.41,0
vkc,2.23,2.28,2.15,2.19,101900
vkc,,,,2.19,0
vla,,,,3.75,0
vla,,,,3.75,0
vmc,,,,7.16,0
vmc,,,,7.16,0
vmd,10.62,10.67,10.57,10.57,250750
vmd,,,,10.57,0
vnc,5.74,5.78,5.74,5.78,8500
vnc,,,,5.78,0
vnd,6.39,6.45,6.06,6.39,5299700
vnd,,,,6.39,0
vne,3.18,3.25,3.11,3.18,117650
vne,,,,3.18,0
vnf,17.93,17.93,17.86,17.93,5500
vnf,,,,17.93,0
vng,14.24,14.24,14.24,14.24,210
vng,,,,14.24,0
vnl,6.13,6.13,6.13,6.13,4010
vnl,,,,6.13,0
vnm,19.94,19.94,19.77,19.94,13780
vnm,,,,19.94,0
vnr,5.62,5.62,5.62,5.62,200
vnr,,,,5.62,0
vns,6.5,6.5,6.23,6.23,50
vns,,,,6.23,0
vnt,5.13,5.13,5.13,5.13,2200
vnt,,,,5.13,0
vos,4.3,4.4,4.2,4.3,82560
vos,,,,4.3,0
vph,3.46,3.46,3.35,3.46,20240
vph,,,,3.46,0
vpk,2.07,2.11,2.07,2.1,3360
vpk,,,,2.1,0
vrc,5.31,5.56,5.31,5.56,88800
vrc,,,,5.56,0
vsc,9.83,9.95,9.83,9.93,4420
vsc,,,,9.93,0
vsh,4.89,4.94,4.84,4.94,246520
vsh,,,,4.94,0
vsi,2.9,2.9,2.9,2.9,10
vsi,,,,2.9,0
vtb,3.65,3.83,3.65,3.83,140
vtb,,,,3.83,0
vtc,,,,3.57,0
vtc,,,,3.57,0
vtl,,,,19.18,0
vtl,,,,19.18,0
vto,2.88,2.94,2.76,2.88,42530
vto,,,,2.88,0
vts,,,,20.95,0
vts,,,,20.95,0
vtv,1.99,1.99,1.97,1.97,2000
vtv,,,,1.97,0
vxb,,,,3.94,0
vxb,,,,3.94,0
wcs,18.03,18.03,16.93,16.93,5600
wcs,,,,16.93,0
wss,4.0,4.1,3.9,4.0,396400
wss,,,,4.0,0
