date,open,high,low,close,volume
2018-09-28,,,,10.5,0
2018-09-28,,,,10.5,0
2018-09-27,,,,10.5,0
2018-09-27,,,,10.5,0
2018-09-26,,,,10.5,0
2018-09-26,,,,10.5,0
2018-09-25,,,,10.5,0
2018-09-25,,,,10.5,0
2018-09-24,,,,10.5,0
2018-09-24,,,,10.5,0
2018-09-21,,,,10.5,0
2018-09-21,,,,10.5,0
2018-09-20,,,,10.5,0
2018-09-20,,,,10.5,0
2018-09-19,,,,10.5,0
2018-09-19,,,,10.5,0
2018-09-18,,,,10.5,0
2018-09-18,,,,10.5,0
2018-09-17,,,,10.5,0
2018-09-17,,,,10.5,0
2018-09-14,,,,10.5,0
2018-09-14,,,,10.5,0
2018-09-13,,,,10.5,0
2018-09-13,,,,10.5,0
2018-09-12,,,,10.5,0
2018-09-12,,,,10.5,0
2018-09-11,,,,10.5,0
2018-09-11,,,,10.5,0
2018-09-10,,,,10.5,0
2018-09-10,,,,10.5,0
2018-09-07,,,,10.5,0
2018-09-07,,,,10.5,0
2018-09-06,,,,10.5,0
2018-09-06,,,,10.5,0
2018-09-05,,,,10.5,0
2018-09-05,,,,10.5,0
2018-09-04,,,,10.5,0
2018-09-04,,,,10.5,0
2018-08-31,,,,10.5,0
2018-08-31,,,,10.5,0
2018-08-30,,,,10.5,0
2018-08-30,,,,10.5,0
2018-08-29,,,,10.5,0
2018-08-29,,,,10.5,0
2018-08-28,,,,10.5,0
2018-08-28,,,,10.5,0
2018-08-27,,,,10.5,0
2018-08-27,,,,10.5,0
2018-08-24,,,,10.5,0
2018-08-24,,,,10.5,0
2018-08-23,,,,10.5,0
2018-08-23,,,,10.5,0
2018-08-22,,,,10.5,0
2018-08-22,,,,10.5,0
2018-08-21,,,,10.5,0
2018-08-21,,,,10.5,0
2018-08-20,,,,10.5,0
2018-08-20,,,,10.5,0
2018-08-17,,,,10.5,0
2018-08-17,,,,10.5,0
2018-08-16,,,,10.5,0
2018-08-16,,,,10.5,0
2018-08-15,,,,10.5,0
2018-08-15,,,,10.5,0
2018-08-14,,,,10.5,0
2018-08-14,,,,10.5,0
2018-08-13,,,,10.5,0
2018-08-13,,,,10.5,0
2018-08-10,,,,10.5,0
2018-08-10,,,,10.5,0
2018-08-09,,,,10.5,0
2018-08-09,,,,10.5,0
2018-08-08,,,,10.5,0
2018-08-08,,,,10.5,0
2018-08-07,,,,10.5,0
2018-08-07,,,,10.5,0
2018-08-06,,,,10.5,0
2018-08-06,,,,10.5,0
2018-08-03,,,,10.5,0
2018-08-03,,,,10.5,0
2018-08-02,,,,10.5,0
2018-08-02,,,,10.5,0
2018-08-01,,,,10.5,0
2018-08-01,,,,10.5,0
2018-07-31,,,,10.5,0
2018-07-31,,,,10.5,0
2018-07-30,,,,10.5,0
2018-07-30,,,,10.5,0
2018-07-27,,,,10.5,0
2018-07-27,,,,10.5,0
2018-07-26,,,,10.5,0
2018-07-26,,,,10.5,0
2018-07-25,,,,10.5,0
2018-07-25,,,,10.5,0
2018-07-24,,,,10.5,0
2018-07-24,,,,10.5,0
2018-07-23,,,,10.5,0
2018-07-23,,,,10.5,0
2018-07-20,,,,10.5,0
2018-07-20,,,,10.5,0
2018-07-19,11.0,11.0,10.5,10.5,200
2018-07-19,,,,10.5,0
2018-07-18,,,,10.2,0
2018-07-18,,,,10.2,0
2018-07-17,,,,10.2,0
2018-07-17,,,,10.2,0
2018-07-16,,,,10.2,0
2018-07-16,,,,10.2,0
2018-07-13,,,,10.2,0
2018-07-13,,,,10.2,0
2018-07-12,,,,10.2,0
2018-07-12,,,,10.2,0
2018-07-11,,,,10.2,0
2018-07-11,,,,10.2,0
2018-07-10,,,,10.2,0
2018-07-10,,,,10.2,0
2018-07-09,,,,10.2,0
2018-07-09,,,,10.2,0
2018-07-06,,,,10.2,0
2018-07-06,,,,10.2,0
2018-07-05,,,,10.2,0
2018-07-05,,,,10.2,0
2018-07-04,,,,10.2,0
2018-07-04,,,,10.2,0
2018-07-03,,,,10.2,0
2018-07-03,,,,10.2,0
2018-07-02,,,,10.2,0
2018-07-02,,,,10.2,0
2018-06-29,,,,10.2,0
2018-06-29,,,,10.2,0
2018-06-28,,,,10.2,0
2018-06-28,,,,10.2,0
2018-06-27,,,,10.2,0
2018-06-27,,,,10.2,0
2018-06-26,,,,10.2,0
2018-06-26,,,,10.2,0
2018-06-25,,,,10.2,0
2018-06-25,,,,10.2,0
2018-06-22,,,,10.2,0
2018-06-22,,,,10.2,0
2018-06-21,,,,10.2,0
2018-06-21,,,,10.2,0
2018-06-20,,,,10.2,0
2018-06-20,,,,10.2,0
2018-06-19,,,,10.2,0
2018-06-19,,,,10.2,0
2018-06-18,,,,10.2,0
2018-06-18,,,,10.2,0
2018-06-15,,,,10.2,0
2018-06-15,,,,10.2,0
2018-06-14,,,,10.2,0
2018-06-14,,,,10.2,0
2018-06-13,,,,10.2,0
2018-06-13,,,,10.2,0
2018-06-12,,,,10.2,0
2018-06-12,,,,10.2,0
2018-06-11,,,,10.2,0
2018-06-11,,,,10.2,0
2018-06-08,,,,10.2,0
2018-06-08,,,,10.2,0
2018-06-07,,,,10.2,0
2018-06-07,,,,10.2,0
2018-06-06,,,,10.2,0
2018-06-06,,,,10.2,0
2018-06-05,,,,10.2,0
2018-06-05,,,,10.2,0
2018-06-04,,,,10.2,0
2018-06-04,,,,10.2,0
2018-06-01,,,,10.2,0
2018-06-01,,,,10.2,0
2018-05-31,,,,10.2,0
2018-05-31,,,,10.2,0
2018-05-30,,,,10.2,0
2018-05-30,,,,10.2,0
2018-05-29,,,,10.2,0
2018-05-29,,,,10.2,0
2018-05-28,,,,10.2,0
2018-05-28,,,,10.2,0
2018-05-25,,,,10.2,0
2018-05-25,,,,10.2,0
2018-05-24,,,,10.2,0
2018-05-24,,,,10.2,0
2018-05-23,,,,10.2,0
2018-05-23,,,,10.2,0
2018-05-22,,,,10.2,0
2018-05-22,,,,10.2,0
2018-05-21,,,,10.2,0
2018-05-21,,,,10.2,0
2018-05-18,,,,10.2,0
2018-05-18,,,,10.2,0
2018-05-17,,,,10.2,0
2018-05-17,,,,10.2,0
2018-05-16,,,,10.2,0
2018-05-16,,,,10.2,0
2018-05-15,,,,10.2,0
2018-05-15,,,,10.2,0
2018-05-14,,,,10.2,0
2018-05-14,,,,10.2,0
2018-05-11,,,,10.2,0
2018-05-11,,,,10.2,0
2018-05-10,,,,10.2,0
2018-05-10,,,,10.2,0
2018-05-09,,,,10.2,0
2018-05-09,,,,10.2,0
2018-05-08,,,,10.2,0
2018-05-08,,,,10.2,0
2018-05-07,,,,10.2,0
2018-05-07,,,,10.2,0
2018-05-04,,,,10.2,0
2018-05-04,,,,10.2,0
2018-05-03,,,,10.2,0
2018-05-03,,,,10.2,0
2018-05-02,,,,10.2,0
2018-05-02,,,,10.2,0
2018-04-27,,,,10.2,0
2018-04-27,,,,10.2,0
2018-04-26,,,,10.2,0
2018-04-26,,,,10.2,0
2018-04-24,,,,10.2,0
2018-04-24,,,,10.2,0
2018-04-23,,,,10.2,0
2018-04-23,,,,10.2,0
2018-04-20,,,,10.2,0
2018-04-20,,,,10.2,0
2018-04-19,,,,10.2,0
2018-04-19,,,,10.2,0
2018-04-18,,,,10.2,0
2018-04-18,,,,10.2,0
2018-04-17,,,,10.2,0
2018-04-17,,,,10.2,0
2018-04-16,,,,10.2,0
2018-04-16,,,,10.2,0
2018-04-13,,,,10.2,0
2018-04-13,,,,10.2,0
2018-04-12,,,,10.2,0
2018-04-12,,,,10.2,0
2018-04-11,,,,10.2,0
2018-04-11,,,,10.2,0
2018-04-10,,,,10.2,0
2018-04-10,,,,10.2,0
2018-04-09,,,,10.2,0
2018-04-09,,,,10.2,0
2018-04-06,10.2,10.2,10.2,10.2,100
2018-04-06,,,,10.2,0
2018-04-05,,,,9.4,0
2018-04-05,,,,9.4,0
2018-04-04,,,,9.4,0
2018-04-04,,,,9.4,0
2018-04-03,,,,9.4,0
2018-04-03,,,,9.4,0
2018-04-02,,,,9.4,0
2018-04-02,,,,9.4,0
2018-03-30,,,,9.4,0
2018-03-30,,,,9.4,0
2018-03-29,,,,9.4,0
2018-03-29,,,,9.4,0
2018-03-28,,,,9.4,0
2018-03-28,,,,9.4,0
2018-03-27,,,,9.4,0
2018-03-27,,,,9.4,0
2018-03-26,,,,9.4,0
2018-03-26,,,,9.4,0
2018-03-23,,,,9.4,0
2018-03-23,,,,9.4,0
2018-03-22,,,,9.4,0
2018-03-22,,,,9.4,0
2018-03-21,,,,9.4,0
2018-03-21,,,,9.4,0
2018-03-20,,,,9.4,0
2018-03-20,,,,9.4,0
2018-03-19,,,,9.4,0
2018-03-19,,,,9.4,0
2018-03-16,,,,9.4,0
2018-03-16,,,,9.4,0
2018-03-15,,,,9.4,0
2018-03-15,,,,9.4,0
2018-03-14,,,,9.4,0
2018-03-14,,,,9.4,0
2018-03-13,,,,9.4,0
2018-03-13,,,,9.4,0
2018-03-12,,,,9.4,0
2018-03-12,,,,9.4,0
2018-03-09,,,,9.4,0
2018-03-09,,,,9.4,0
2018-03-08,,,,9.4,0
2018-03-08,,,,9.4,0
2018-03-07,,,,9.4,0
2018-03-07,,,,9.4,0
2018-03-06,,,,9.4,0
2018-03-06,,,,9.4,0
2018-03-05,,,,9.4,0
2018-03-05,,,,9.4,0
2018-03-02,,,,9.4,0
2018-03-02,,,,9.4,0
2018-03-01,,,,9.4,0
2018-03-01,,,,9.4,0
2018-02-28,9.4,9.4,9.4,9.4,100
2018-02-28,,,,9.4,0
2018-02-27,,,,8.7,0
2018-02-27,,,,8.7,0
2018-02-26,,,,8.7,0
2018-02-26,,,,8.7,0
2018-02-23,8.7,8.7,8.7,8.7,100
2018-02-23,,,,8.7,0
2018-02-22,,,,8.0,0
2018-02-22,,,,8.0,0
2018-02-21,,,,8.0,0
2018-02-21,,,,8.0,0
2018-02-13,,,,8.0,0
2018-02-13,,,,8.0,0
2018-02-12,,,,8.0,0
2018-02-12,,,,8.0,0
2018-02-09,,,,8.0,0
2018-02-09,,,,8.0,0
2018-02-08,,,,8.0,0
2018-02-08,,,,8.0,0
2018-02-07,,,,8.0,0
2018-02-07,,,,8.0,0
2018-02-06,,,,8.0,0
2018-02-06,,,,8.0,0
2018-02-05,,,,8.0,0
2018-02-05,,,,8.0,0
2018-02-02,,,,8.0,0
2018-02-02,,,,8.0,0
2018-02-01,,,,8.0,0
2018-02-01,,,,8.0,0
2018-01-31,,,,8.0,0
2018-01-31,,,,8.0,0
2018-01-30,,,,8.0,0
2018-01-30,,,,8.0,0
2018-01-29,,,,8.0,0
2018-01-29,,,,8.0,0
2018-01-26,,,,8.0,0
2018-01-26,,,,8.0,0
2018-01-25,,,,8.0,0
2018-01-25,,,,8.0,0
2018-01-22,,,,8.0,0
2018-01-22,,,,8.0,0
2018-01-19,8.0,8.0,8.0,8.0,100
2018-01-19,,,,8.0,0
2018-01-18,,,,7.3,0
2018-01-18,,,,7.3,0
2018-01-17,,,,7.3,0
2018-01-17,,,,7.3,0
2018-01-16,,,,7.3,0
2018-01-16,,,,7.3,0
2018-01-15,7.3,7.3,7.3,7.3,360000
2018-01-15,,,,7.3,0
2018-01-12,,,,7.8,0
2018-01-12,,,,7.8,0
2018-01-11,,,,7.8,0
2018-01-11,,,,7.8,0
2018-01-10,,,,7.8,0
2018-01-10,,,,7.8,0
2018-01-09,,,,7.8,0
2018-01-09,,,,7.8,0
2018-01-08,7.8,7.8,7.8,7.8,1385000
2018-01-08,,,,7.8,0
2018-01-05,,,,8.6,0
2018-01-05,,,,8.6,0
2018-01-04,,,,8.6,0
2018-01-04,,,,8.6,0
2018-01-03,,,,8.6,0
2018-01-03,,,,8.6,0
2018-01-02,,,,8.6,0
2018-01-02,,,,8.6,0
2017-12-29,,,,8.6,0
2017-12-29,,,,8.6,0
2017-12-28,,,,8.6,0
2017-12-28,,,,8.6,0
2017-12-27,,,,8.6,0
2017-12-27,,,,8.6,0
2017-12-26,,,,8.6,0
2017-12-26,,,,8.6,0
2017-12-25,,,,8.6,0
2017-12-25,,,,8.6,0
2017-12-22,,,,8.6,0
2017-12-22,,,,8.6,0
2017-12-21,,,,8.6,0
2017-12-21,,,,8.6,0
2017-12-20,,,,8.6,0
2017-12-20,,,,8.6,0
2017-12-19,,,,8.6,0
2017-12-19,,,,8.6,0
2017-12-18,,,,8.6,0
2017-12-18,,,,8.6,0
2017-12-15,,,,8.6,0
2017-12-15,,,,8.6,0
2017-12-14,,,,8.6,0
2017-12-14,,,,8.6,0
2017-12-13,,,,8.6,0
2017-12-13,,,,8.6,0
2017-12-12,,,,8.6,0
2017-12-12,,,,8.6,0
2017-12-11,,,,8.6,0
2017-12-11,,,,8.6,0
2017-12-08,,,,8.6,0
2017-12-08,,,,8.6,0
2017-12-07,,,,8.6,0
2017-12-07,,,,8.6,0
2017-12-06,,,,8.6,0
2017-12-06,,,,8.6,0
2017-12-05,,,,8.6,0
2017-12-05,,,,8.6,0
2017-12-04,,,,8.6,0
2017-12-04,,,,8.6,0
2017-12-01,,,,8.6,0
2017-12-01,,,,8.6,0
2017-11-30,,,,8.6,0
2017-11-30,,,,8.6,0
2017-11-29,,,,8.6,0
2017-11-29,,,,8.6,0
2017-11-28,,,,8.6,0
2017-11-28,,,,8.6,0
2017-11-27,,,,8.6,0
2017-11-27,,,,8.6,0
2017-11-24,,,,8.6,0
2017-11-24,,,,8.6,0
2017-11-23,,,,8.6,0
2017-11-23,,,,8.6,0
2017-11-22,,,,8.6,0
2017-11-22,,,,8.6,0
2017-11-21,,,,8.6,0
2017-11-21,,,,8.6,0
2017-11-20,,,,8.6,0
2017-11-20,,,,8.6,0
2017-11-17,,,,8.6,0
2017-11-17,,,,8.6,0
2017-11-16,,,,8.6,0
2017-11-16,,,,8.6,0
2017-11-15,,,,8.6,0
2017-11-15,,,,8.6,0
2017-11-14,8.6,8.6,8.6,8.6,100
2017-11-14,,,,8.6,0
2017-11-13,,,,8.6,0
2017-11-13,,,,8.6,0
2017-11-10,,,,8.6,0
2017-11-10,,,,8.6,0
2017-11-09,,,,8.6,0
2017-11-09,,,,8.6,0
2017-11-08,,,,8.6,0
2017-11-08,,,,8.6,0
2017-11-07,,,,8.6,0
2017-11-07,,,,8.6,0
2017-11-06,,,,8.6,0
2017-11-06,,,,8.6,0
2017-11-03,8.6,8.6,8.6,8.6,100
2017-11-03,,,,8.6,0
2017-11-02,,,,9.5,0
2017-11-02,,,,9.5,0
2017-11-01,,,,9.5,0
2017-11-01,,,,9.5,0
2017-10-31,,,,9.5,0
2017-10-31,,,,9.5,0
2017-10-30,,,,9.5,0
2017-10-30,,,,9.5,0
2017-10-27,,,,9.5,0
2017-10-27,,,,9.5,0
2017-10-26,,,,9.5,0
2017-10-26,,,,9.5,0
2017-10-25,,,,9.5,0
2017-10-25,,,,9.5,0
2017-10-24,,,,9.5,0
2017-10-24,,,,9.5,0
2017-10-23,,,,9.5,0
2017-10-23,,,,9.5,0
2017-10-20,,,,9.5,0
2017-10-20,,,,9.5,0
2017-10-19,,,,9.5,0
2017-10-19,,,,9.5,0
2017-10-18,,,,9.5,0
2017-10-18,,,,9.5,0
2017-10-17,9.5,9.5,9.5,9.5,1100
2017-10-17,,,,9.5,0
2017-10-16,,,,9.3,0
2017-10-16,,,,9.3,0
2017-10-13,9.3,9.3,9.3,9.3,100
2017-10-13,,,,9.3,0
2017-10-12,,,,9.3,0
2017-10-12,,,,9.3,0
2017-10-11,9.3,9.3,9.3,9.3,200
2017-10-11,,,,9.3,0
2017-10-10,10.3,10.3,10.3,10.3,100
2017-10-10,,,,10.3,0
2017-10-09,,,,11.4,0
2017-10-09,,,,11.4,0
2017-10-06,11.4,11.4,11.4,11.4,100
2017-10-06,,,,11.4,0
2017-10-05,,,,12.6,0
2017-10-05,,,,12.6,0
2017-10-04,,,,12.6,0
2017-10-04,,,,12.6,0
2017-10-03,12.6,12.6,12.6,12.6,100
2017-10-03,,,,12.6,0
2017-10-02,,,,14.0,0
2017-10-02,,,,14.0,0
2017-09-29,,,,14.0,0
2017-09-29,,,,14.0,0
2017-09-28,,,,14.0,0
2017-09-28,,,,14.0,0
2017-09-27,13.9,14.0,13.9,14.0,200
2017-09-27,,,,14.0,0
2017-09-26,,,,12.9,0
2017-09-26,,,,12.9,0
2017-09-25,12.8,13.0,12.8,12.9,4900
2017-09-25,,,,12.9,0
2017-09-22,,,,12.2,0
2017-09-22,,,,12.2,0
2017-09-21,,,,12.2,0
2017-09-21,,,,12.2,0
2017-09-20,,,,12.2,0
2017-09-20,,,,12.2,0
2017-09-19,,,,12.2,0
2017-09-19,,,,12.2,0
2017-09-18,,,,12.2,0
2017-09-18,,,,12.2,0
2017-09-15,,,,12.2,0
2017-09-15,,,,12.2,0
2017-09-14,,,,12.2,0
2017-09-14,,,,12.2,0
2017-09-13,12.2,12.2,12.2,12.2,300
2017-09-13,,,,12.2,0
2017-09-12,,,,12.2,0
2017-09-12,,,,12.2,0
2017-09-11,14.8,14.8,12.2,12.2,200
2017-09-11,,,,12.2,0
2017-09-08,,,,13.5,0
2017-09-08,,,,13.5,0
2017-09-07,13.5,13.5,13.5,13.5,100
2017-09-07,,,,13.5,0
2017-09-06,,,,15.0,0
2017-09-06,,,,15.0,0
2017-09-05,,,,15.0,0
2017-09-05,,,,15.0,0
2017-09-01,12.7,15.0,12.7,15.0,1600
2017-09-01,,,,15.0,0
2017-08-31,,,,13.7,0
2017-08-31,,,,13.7,0
2017-08-30,,,,13.7,0
2017-08-30,,,,13.7,0
2017-08-29,,,,13.7,0
2017-08-29,,,,13.7,0
2017-08-28,,,,13.7,0
2017-08-28,,,,13.7,0
2017-08-25,,,,13.7,0
2017-08-25,,,,13.7,0
2017-08-24,,,,13.7,0
2017-08-24,,,,13.7,0
2017-08-23,,,,13.7,0
2017-08-23,,,,13.7,0
2017-08-22,,,,13.7,0
2017-08-22,,,,13.7,0
2017-08-21,,,,13.7,0
2017-08-21,,,,13.7,0
2017-08-18,13.7,13.7,13.7,13.7,500
2017-08-18,,,,13.7,0
2017-08-17,,,,12.5,0
2017-08-17,,,,12.5,0
2017-08-16,,,,12.5,0
2017-08-16,,,,12.5,0
2017-08-15,,,,12.5,0
2017-08-15,,,,12.5,0
2017-08-14,,,,12.5,0
2017-08-14,,,,12.5,0
2017-08-11,,,,12.5,0
2017-08-11,,,,12.5,0
2017-08-10,,,,12.5,0
2017-08-10,,,,12.5,0
2017-08-09,,,,12.5,0
2017-08-09,,,,12.5,0
2017-08-08,,,,12.5,0
2017-08-08,,,,12.5,0
2017-08-07,,,,12.5,0
2017-08-07,,,,12.5,0
2017-08-04,,,,12.5,0
2017-08-04,,,,12.5,0
2017-08-03,,,,12.5,0
2017-08-03,,,,12.5,0
2017-08-02,,,,12.5,0
2017-08-02,,,,12.5,0
2017-08-01,,,,12.5,0
2017-08-01,,,,12.5,0
2017-07-31,,,,12.5,0
2017-07-31,,,,12.5,0
2017-07-28,,,,12.5,0
2017-07-28,,,,12.5,0
2017-07-27,,,,12.5,0
2017-07-27,,,,12.5,0
2017-07-26,,,,12.5,0
2017-07-26,,,,12.5,0
2017-07-25,,,,12.5,0
2017-07-25,,,,12.5,0
2017-07-24,,,,12.5,0
2017-07-24,,,,12.5,0
2017-07-21,,,,12.5,0
2017-07-21,,,,12.5,0
2017-07-20,,,,12.5,0
2017-07-20,,,,12.5,0
2017-07-19,,,,12.5,0
2017-07-19,,,,12.5,0
2017-07-18,,,,12.5,0
2017-07-18,,,,12.5,0
2017-07-17,,,,12.5,0
2017-07-17,,,,12.5,0
2017-07-14,,,,12.5,0
2017-07-14,,,,12.5,0
2017-07-13,,,,12.5,0
2017-07-13,,,,12.5,0
2017-07-12,,,,12.5,0
2017-07-12,,,,12.5,0
2017-07-11,,,,12.5,0
2017-07-11,,,,12.5,0
2017-07-10,12.5,12.5,12.5,12.5,110
2017-07-10,,,,12.5,0
2017-07-07,12.0,12.0,12.0,12.0,100
2017-07-07,,,,12.0,0
2017-07-06,11.5,11.5,11.5,11.5,100
2017-07-06,,,,11.5,0
2017-07-05,11.0,11.0,11.0,11.0,200
2017-07-05,,,,11.0,0
2017-07-04,10.4,10.4,10.4,10.4,220
2017-07-04,,,,10.4,0
2017-07-03,,,,10.2,0
2017-07-03,,,,10.2,0
2017-06-30,,,,10.2,0
2017-06-30,,,,10.2,0
2017-06-29,,,,10.2,0
2017-06-29,,,,10.2,0
2017-06-28,10.2,10.2,10.2,10.2,100
2017-06-28,,,,10.2,0
2017-06-27,9.8,10.2,9.8,10.2,300
2017-06-27,,,,10.2,0
2017-06-26,,,,9.5,0
2017-06-26,,,,9.5,0
2017-06-23,8.9,9.5,8.9,9.5,1000
2017-06-23,,,,9.5,0
2017-06-22,9.7,9.8,9.7,9.8,700
2017-06-22,,,,9.8,0
2017-06-21,,,,10.7,0
2017-06-21,,,,10.7,0
2017-06-20,,,,10.7,0
2017-06-20,,,,10.7,0
2017-06-19,,,,10.7,0
2017-06-19,,,,10.7,0
2017-06-16,,,,10.7,0
2017-06-16,,,,10.7,0
2017-06-15,,,,10.7,0
2017-06-15,,,,10.7,0
2017-06-14,,,,10.7,0
2017-06-14,,,,10.7,0
2017-06-13,,,,10.7,0
2017-06-13,,,,10.7,0
2017-06-12,,,,10.7,0
2017-06-12,,,,10.7,0
2017-06-09,,,,10.7,0
2017-06-09,,,,10.7,0
2017-06-08,,,,10.7,0
2017-06-08,,,,10.7,0
2017-06-07,10.7,10.7,10.7,10.7,100
2017-06-07,,,,10.7,0
2017-06-06,,,,10.7,0
2017-06-06,,,,10.7,0
2017-06-05,,,,10.7,0
2017-06-05,,,,10.7,0
2017-06-02,,,,10.7,0
2017-06-02,,,,10.7,0
2017-06-01,,,,10.7,0
2017-06-01,,,,10.7,0
2017-05-31,,,,10.7,0
2017-05-31,,,,10.7,0
2017-05-30,,,,10.7,0
2017-05-30,,,,10.7,0
2017-05-29,,,,10.7,0
2017-05-29,,,,10.7,0
2017-05-26,,,,10.7,0
2017-05-26,,,,10.7,0
2017-05-25,,,,10.7,0
2017-05-25,,,,10.7,0
2017-05-24,,,,10.7,0
2017-05-24,,,,10.7,0
2017-05-23,10.7,10.7,10.7,10.7,1500
2017-05-23,,,,10.7,0
2017-05-22,,,,9.8,0
2017-05-22,,,,9.8,0
2017-05-19,,,,9.8,0
2017-05-19,,,,9.8,0
2017-05-18,,,,9.8,0
2017-05-18,,,,9.8,0
2017-05-17,9.8,9.8,9.8,9.8,8200
2017-05-17,,,,9.8,0
2017-05-16,,,,9.5,0
2017-05-16,,,,9.5,0
2017-05-15,,,,9.5,0
2017-05-15,,,,9.5,0
2017-05-12,,,,9.5,0
2017-05-12,,,,9.5,0
2017-05-11,11.0,11.0,9.5,9.5,9200
2017-05-11,,,,9.5,0
2017-05-10,,,,10.0,0
2017-05-10,,,,10.0,0
2017-05-09,,,,10.0,0
2017-05-09,,,,10.0,0
2017-05-08,,,,10.0,0
2017-05-08,,,,10.0,0
2017-05-05,,,,10.0,0
2017-05-05,,,,10.0,0
2017-05-04,,,,10.0,0
2017-05-04,,,,10.0,0
2017-05-03,,,,10.0,0
2017-05-03,,,,10.0,0
2017-04-28,,,,10.0,0
2017-04-28,,,,10.0,0
2017-04-27,10.0,10.0,10.0,10.0,3000
2017-04-27,,,,10.0,0
2017-04-26,,,,9.2,0
2017-04-26,,,,9.2,0
2017-04-25,9.2,9.2,9.2,9.2,8500
2017-04-25,,,,9.2,0
2017-04-24,,,,8.4,0
2017-04-24,,,,8.4,0
2017-04-21,,,,8.4,0
2017-04-21,,,,8.4,0
2017-04-20,,,,8.4,0
2017-04-20,,,,8.4,0
2017-04-19,8.4,8.4,8.4,8.4,2000
2017-04-19,,,,8.4,0
2017-04-18,8.0,8.0,8.0,8.0,2000
2017-04-18,,,,8.0,0
2017-04-17,,,,7.3,0
2017-04-17,,,,7.3,0
2017-04-14,,,,7.3,0
2017-04-14,,,,7.3,0
2017-04-13,,,,7.3,0
2017-04-13,,,,7.3,0
2017-04-12,7.3,7.3,7.3,7.3,600
2017-04-12,,,,7.3,0
2017-04-11,,,,8.1,0
2017-04-11,,,,8.1,0
2017-04-10,8.1,8.1,8.1,8.1,500
2017-04-10,,,,8.1,0
2017-04-07,,,,9.0,0
2017-04-07,,,,9.0,0
2017-04-05,9.0,9.0,9.0,9.0,100
2017-04-05,,,,9.0,0
2017-04-04,,,,9.6,0
2017-04-04,,,,9.6,0
2017-04-03,,,,9.6,0
2017-04-03,,,,9.6,0
2017-03-31,9.6,9.6,9.6,9.6,100
2017-03-31,,,,9.6,0
2017-03-30,,,,9.6,0
2017-03-30,,,,9.6,0
2017-03-29,9.6,9.6,9.6,9.6,700
2017-03-29,,,,9.6,0
2017-03-28,,,,9.6,0
2017-03-28,,,,9.6,0
2017-03-27,,,,9.6,0
2017-03-27,,,,9.6,0
2017-03-24,,,,9.6,0
2017-03-24,,,,9.6,0
2017-03-23,,,,9.6,0
2017-03-23,,,,9.6,0
2017-03-22,,,,9.6,0
2017-03-22,,,,9.6,0
2017-03-21,,,,9.6,0
2017-03-21,,,,9.6,0
2017-03-20,,,,9.6,0
2017-03-20,,,,9.6,0
2017-03-17,,,,9.6,0
2017-03-17,,,,9.6,0
2017-03-16,,,,9.6,0
2017-03-16,,,,9.6,0
2017-03-15,,,,9.6,0
2017-03-15,,,,9.6,0
2017-03-14,,,,9.6,0
2017-03-14,,,,9.6,0
2017-03-13,,,,9.6,0
2017-03-13,,,,9.6,0
2017-03-10,,,,9.6,0
2017-03-10,,,,9.6,0
2017-03-09,,,,9.6,0
2017-03-09,,,,9.6,0
2017-03-08,,,,9.6,0
2017-03-08,,,,9.6,0
2017-03-07,,,,9.6,0
2017-03-07,,,,9.6,0
2017-03-06,,,,9.6,0
2017-03-06,,,,9.6,0
2017-03-03,9.6,9.6,9.6,9.6,100
2017-03-03,,,,9.6,0
2017-03-02,8.8,8.8,8.8,8.8,100
2017-03-02,,,,8.8,0
2017-03-01,,,,8.0,0
2017-03-01,,,,8.0,0
2017-02-28,,,,8.0,0
2017-02-28,,,,8.0,0
2017-02-27,,,,8.0,0
2017-02-27,,,,8.0,0
2017-02-24,,,,8.0,0
2017-02-24,,,,8.0,0
2017-02-23,,,,8.0,0
2017-02-23,,,,8.0,0
2017-02-22,8.0,8.0,8.0,8.0,1000
2017-02-22,,,,8.0,0
2017-02-21,,,,8.5,0
2017-02-21,,,,8.5,0
2017-02-20,,,,8.5,0
2017-02-20,,,,8.5,0
2017-02-17,,,,8.5,0
2017-02-17,,,,8.5,0
2017-02-16,,,,8.5,0
2017-02-16,,,,8.5,0
2017-02-15,,,,8.5,0
2017-02-15,,,,8.5,0
2017-02-14,,,,8.5,0
2017-02-14,,,,8.5,0
2017-02-13,,,,8.5,0
2017-02-13,,,,8.5,0
2017-02-10,,,,8.5,0
2017-02-10,,,,8.5,0
2017-02-09,,,,8.5,0
2017-02-09,,,,8.5,0
2017-02-08,,,,8.5,0
2017-02-08,,,,8.5,0
2017-02-07,,,,8.5,0
2017-02-07,,,,8.5,0
2017-02-06,8.5,8.5,8.5,8.5,100
2017-02-06,,,,8.5,0
2017-02-03,,,,9.4,0
2017-02-03,,,,9.4,0
2017-02-02,,,,9.4,0
2017-02-02,,,,9.4,0
2017-01-25,,,,9.4,0
2017-01-25,,,,9.4,0
2017-01-24,,,,9.4,0
2017-01-24,,,,9.4,0
2017-01-23,,,,9.4,0
2017-01-23,,,,9.4,0
2017-01-20,,,,9.4,0
2017-01-20,,,,9.4,0
2017-01-19,,,,9.4,0
2017-01-19,,,,9.4,0
2017-01-18,,,,9.4,0
2017-01-18,,,,9.4,0
2017-01-17,,,,9.4,0
2017-01-17,,,,9.4,0
2017-01-16,,,,9.4,0
2017-01-16,,,,9.4,0
2017-01-13,,,,9.4,0
2017-01-13,,,,9.4,0
2017-01-12,,,,9.4,0
2017-01-12,,,,9.4,0
2017-01-11,,,,9.4,0
2017-01-11,,,,9.4,0
2017-01-10,,,,9.4,0
2017-01-10,,,,9.4,0
2017-01-09,,,,9.4,0
2017-01-09,,,,9.4,0
2017-01-06,,,,9.4,0
2017-01-06,,,,9.4,0
2017-01-05,,,,9.4,0
2017-01-05,,,,9.4,0
2017-01-04,,,,9.4,0
2017-01-04,,,,9.4,0
2017-01-03,,,,9.4,0
2017-01-03,,,,9.4,0
2016-12-30,,,,9.4,0
2016-12-30,,,,9.4,0
2016-12-29,9.4,9.4,9.4,9.4,100
2016-12-29,,,,9.4,0
2016-12-28,,,,10.4,0
2016-12-28,,,,10.4,0
2016-12-27,,,,10.4,0
2016-12-27,,,,10.4,0
2016-12-26,,,,10.4,0
2016-12-26,,,,10.4,0
2016-12-23,,,,10.4,0
2016-12-23,,,,10.4,0
2016-12-22,,,,10.4,0
2016-12-22,,,,10.4,0
2016-12-21,,,,10.4,0
2016-12-21,,,,10.4,0
2016-12-20,12.6,12.6,10.4,10.4,1700
2016-12-20,,,,10.4,0
2016-12-19,,,,11.5,0
2016-12-19,,,,11.5,0
2016-12-16,,,,11.5,0
2016-12-16,,,,11.5,0
2016-12-15,,,,11.5,0
2016-12-15,,,,11.5,0
2016-12-14,,,,11.5,0
2016-12-14,,,,11.5,0
2016-12-13,11.5,11.5,11.5,11.5,200
2016-12-13,,,,11.5,0
2016-12-12,11.5,11.5,11.5,11.5,100
2016-12-12,,,,11.5,0
2016-12-09,9.6,10.5,9.6,10.5,11400
2016-12-09,,,,10.5,0
2016-12-08,9.6,9.6,9.6,9.6,100
2016-12-08,,,,9.6,0
2016-12-07,8.5,10.3,8.5,8.8,2200
2016-12-07,,,,8.8,0
2016-12-06,8.3,9.4,8.3,9.4,1300
2016-12-06,,,,9.4,0
2016-12-05,,,,8.6,0
2016-12-05,,,,8.6,0
2016-12-02,,,,8.6,0
2016-12-02,,,,8.6,0
2016-12-01,,,,8.6,0
2016-12-01,,,,8.6,0
2016-11-30,,,,8.6,0
2016-11-30,,,,8.6,0
2016-11-29,,,,8.6,0
2016-11-29,,,,8.6,0
2016-11-28,,,,8.6,0
2016-11-28,,,,8.6,0
2016-11-25,,,,8.6,0
2016-11-25,,,,8.6,0
2016-11-24,,,,8.6,0
2016-11-24,,,,8.6,0
2016-11-23,,,,8.6,0
2016-11-23,,,,8.6,0
2016-11-22,,,,8.6,0
2016-11-22,,,,8.6,0
2016-11-21,,,,8.6,0
2016-11-21,,,,8.6,0
2016-11-18,,,,8.6,0
2016-11-18,,,,8.6,0
2016-11-17,,,,8.6,0
2016-11-17,,,,8.6,0
2016-11-16,,,,8.6,0
2016-11-16,,,,8.6,0
2016-11-15,,,,8.6,0
2016-11-15,,,,8.6,0
2016-11-14,,,,8.6,0
2016-11-14,,,,8.6,0
2016-11-11,,,,8.6,0
2016-11-11,,,,8.6,0
2016-11-10,,,,8.6,0
2016-11-10,,,,8.6,0
2016-11-09,,,,8.6,0
2016-11-09,,,,8.6,0
2016-11-08,8.6,10.1,8.6,8.6,10700
2016-11-08,,,,8.6,0
2016-11-07,,,,9.2,0
2016-11-07,,,,9.2,0
2016-11-04,,,,9.2,0
2016-11-04,,,,9.2,0
2016-11-03,,,,9.2,0
2016-11-03,,,,9.2,0
2016-11-02,,,,9.2,0
2016-11-02,,,,9.2,0
2016-11-01,,,,9.2,0
2016-11-01,,,,9.2,0
2016-10-31,,,,9.2,0
2016-10-31,,,,9.2,0
2016-10-28,,,,9.2,0
2016-10-28,,,,9.2,0
2016-10-27,9.0,9.2,9.0,9.2,6700
2016-10-27,,,,9.2,0
2016-10-26,,,,8.6,0
2016-10-26,,,,8.6,0
2016-10-25,8.6,8.6,8.6,8.6,100
2016-10-25,,,,8.6,0
2016-10-24,,,,7.9,0
2016-10-24,,,,7.9,0
2016-10-21,,,,7.9,0
2016-10-21,,,,7.9,0
2016-10-20,7.9,7.9,7.9,7.9,100
2016-10-20,,,,7.9,0
2016-10-19,8.3,8.3,8.3,8.3,100
2016-10-19,,,,8.3,0
2016-10-18,,,,9.1,0
2016-10-18,,,,9.1,0
2016-10-17,8.2,10.0,8.2,9.1,700
2016-10-17,,,,9.1,0
2016-10-14,11.1,11.1,9.1,9.1,3200
2016-10-14,,,,9.1,0
2016-10-13,,,,10.1,0
2016-10-13,,,,10.1,0
2016-10-12,,,,10.1,0
2016-10-12,,,,10.1,0
2016-10-11,10.3,10.3,10.1,10.1,500
2016-10-11,,,,10.1,0
2016-10-10,,,,9.4,0
2016-10-10,,,,9.4,0
2016-10-07,,,,9.4,0
2016-10-07,,,,9.4,0
2016-10-06,,,,9.4,0
2016-10-06,,,,9.4,0
2016-10-05,9.4,9.4,9.4,9.4,3000
2016-10-05,,,,9.4,0
2016-10-04,10.2,10.8,9.2,9.2,9400
2016-10-04,,,,9.2,0
2016-10-03,9.9,9.9,9.9,9.9,500
2016-10-03,,,,9.9,0
2016-09-30,9.6,9.6,9.6,9.6,1500
2016-09-30,,,,9.6,0
2016-09-29,8.6,9.0,8.6,9.0,1600
2016-09-29,,,,9.0,0
2016-09-28,8.2,8.2,8.2,8.2,500
2016-09-28,,,,8.2,0
2016-09-27,8.4,8.5,8.4,8.5,300
2016-09-27,,,,8.5,0
2016-09-26,9.0,9.1,9.0,9.1,2700
2016-09-26,,,,9.1,0
2016-09-23,,,,8.3,0
2016-09-23,,,,8.3,0
2016-09-22,,,,8.3,0
2016-09-22,,,,8.3,0
2016-09-21,,,,8.3,0
2016-09-21,,,,8.3,0
2016-09-20,,,,8.3,0
2016-09-20,,,,8.3,0
2016-09-19,8.3,8.3,8.3,8.3,1500
2016-09-19,,,,8.3,0
2016-09-16,9.1,9.1,9.1,9.1,100
2016-09-16,,,,9.1,0
2016-09-15,,,,8.6,0
2016-09-15,,,,8.6,0
2016-09-14,,,,8.6,0
2016-09-14,,,,8.6,0
2016-09-13,,,,8.6,0
2016-09-13,,,,8.6,0
2016-09-12,,,,8.6,0
2016-09-12,,,,8.6,0
2016-09-09,8.6,8.6,7.7,8.6,12000
2016-09-09,,,,8.6,0
2016-09-08,7.9,7.9,7.9,7.9,5000
2016-09-08,,,,7.9,0
2016-09-07,,,,7.2,0
2016-09-07,,,,7.2,0
2016-09-06,7.2,7.2,7.2,7.2,700
2016-09-06,,,,7.2,0
2016-09-05,,,,6.6,0
2016-09-05,,,,6.6,0
2016-09-01,,,,6.6,0
2016-09-01,,,,6.6,0
2016-08-31,,,,6.6,0
2016-08-31,,,,6.6,0
2016-08-30,7.2,7.2,6.6,6.6,1700
2016-08-30,,,,6.6,0
2016-08-29,7.2,7.2,7.2,7.2,200
2016-08-29,,,,7.2,0
2016-08-26,,,,7.2,0
2016-08-26,,,,7.2,0
2016-08-25,7.2,7.2,7.2,7.2,200
2016-08-25,,,,7.2,0
2016-08-24,6.6,6.6,6.6,6.6,400
2016-08-24,,,,6.6,0
2016-08-23,,,,7.2,0
2016-08-23,,,,7.2,0
2016-08-22,6.6,7.2,6.6,7.2,300
2016-08-22,,,,7.2,0
2016-08-19,6.6,6.6,6.6,6.6,200
2016-08-19,,,,6.6,0
2016-08-18,,,,6.6,0
2016-08-18,,,,6.6,0
2016-08-17,,,,6.6,0
2016-08-17,,,,6.6,0
2016-08-16,6.6,6.6,6.6,6.6,400
2016-08-16,,,,6.6,0
2016-08-15,6.1,6.1,6.1,6.1,700
2016-08-15,,,,6.1,0
2016-08-12,6.0,6.0,6.0,6.0,100
2016-08-12,,,,6.0,0
2016-08-11,5.5,5.5,5.5,5.5,100
2016-08-11,,,,5.5,0
2016-08-10,6.0,6.0,6.0,6.0,1100
2016-08-10,,,,6.0,0
2016-08-09,6.0,6.0,6.0,6.0,100
2016-08-09,,,,6.0,0
2016-08-08,6.3,6.3,6.3,6.3,100
2016-08-08,,,,6.3,0
2016-08-05,7.0,7.0,7.0,7.0,300
2016-08-05,,,,7.0,0
2016-08-04,6.4,6.4,6.4,6.4,100
2016-08-04,,,,6.4,0
2016-08-03,5.9,5.9,5.9,5.9,100
2016-08-03,,,,5.9,0
2016-08-02,5.4,5.4,5.4,5.4,300
2016-08-02,,,,5.4,0
2016-08-01,6.0,6.0,6.0,6.0,100
2016-08-01,,,,6.0,0
2016-07-29,5.6,5.6,5.6,5.6,100
2016-07-29,,,,5.6,0
2016-07-28,,,,5.1,0
2016-07-28,,,,5.1,0
2016-07-27,,,,5.1,0
2016-07-27,,,,5.1,0
2016-07-26,5.1,5.1,5.1,5.1,100
2016-07-26,,,,5.1,0
2016-07-25,5.5,5.5,5.5,5.5,200
2016-07-25,,,,5.5,0
2016-07-22,6.1,6.2,6.1,6.1,1900
2016-07-22,,,,6.1,0
2016-07-21,6.7,6.7,6.7,6.7,100
2016-07-21,,,,6.7,0
2016-07-20,7.4,7.4,7.4,7.4,1000
2016-07-20,,,,7.4,0
2016-07-19,8.2,8.2,8.2,8.2,100
2016-07-19,,,,8.2,0
2016-07-18,9.1,9.1,9.1,9.1,600
2016-07-18,,,,9.1,0
2016-07-15,,,,10.1,0
2016-07-15,,,,10.1,0
2016-07-14,10.2,10.2,10.1,10.1,1900
2016-07-14,,,,10.1,0
2016-07-13,11.2,11.2,11.2,11.2,300
2016-07-13,,,,11.2,0
2016-07-12,,,,12.4,0
2016-07-12,,,,12.4,0
2016-07-11,12.4,12.4,12.4,12.4,200
2016-07-11,,,,12.4,0
2016-07-08,11.4,11.4,11.4,11.4,100
2016-07-08,,,,11.4,0
2016-07-07,,,,10.5,0
2016-07-07,,,,10.5,0
2016-07-06,10.5,10.5,10.5,10.5,600
2016-07-06,,,,10.5,0
2016-07-05,,,,9.6,0
2016-07-05,,,,9.6,0
2016-07-04,8.8,9.6,8.0,9.6,1300
2016-07-04,,,,9.6,0
2016-07-01,8.8,8.8,8.8,8.8,1000
2016-07-01,,,,8.8,0
2016-06-30,8.0,8.0,8.0,8.0,1200
2016-06-30,,,,8.0,0
2016-06-29,,,,7.3,0
2016-06-29,,,,7.3,0
2016-06-28,,,,7.3,0
2016-06-28,,,,7.3,0
2016-06-27,,,,7.3,0
2016-06-27,,,,7.3,0
2016-06-24,6.8,7.3,6.8,7.3,5600
2016-06-24,,,,7.3,0
2016-06-23,6.8,6.8,6.8,6.8,8800
2016-06-23,,,,6.8,0
2016-06-22,,,,6.2,0
2016-06-22,,,,6.2,0
2016-06-21,,,,6.2,0
2016-06-21,,,,6.2,0
2016-06-20,,,,6.2,0
2016-06-20,,,,6.2,0
2016-06-17,6.2,6.2,6.2,6.2,800
2016-06-17,,,,6.2,0
2016-06-16,,,,5.9,0
2016-06-16,,,,5.9,0
2016-06-15,5.9,5.9,5.9,5.9,2100
2016-06-15,,,,5.9,0
2016-06-14,,,,5.4,0
2016-06-14,,,,5.4,0
2016-06-13,5.4,5.4,5.4,5.4,9200
2016-06-13,,,,5.4,0
2016-06-10,6.0,6.0,6.0,6.0,1300
2016-06-10,,,,6.0,0
2016-06-09,6.6,6.6,6.6,6.6,100
2016-06-09,,,,6.6,0
2016-06-08,6.0,6.1,6.0,6.1,4300
2016-06-08,,,,6.1,0
2016-06-07,,,,5.8,0
2016-06-07,,,,5.8,0
2016-06-06,6.0,6.0,5.8,5.8,400
2016-06-06,,,,5.8,0
2016-06-03,5.3,6.0,5.3,6.0,1100
2016-06-03,,,,6.0,0
2016-06-02,5.8,5.8,5.8,5.8,100
2016-06-02,,,,5.8,0
2016-06-01,,,,5.3,0
2016-06-01,,,,5.3,0
2016-05-31,5.2,5.3,5.2,5.3,1100
2016-05-31,,,,5.3,0
2016-05-30,,,,4.9,0
2016-05-30,,,,4.9,0
2016-05-27,,,,4.9,0
2016-05-27,,,,4.9,0
2016-05-26,,,,4.9,0
2016-05-26,,,,4.9,0
2016-05-25,,,,4.9,0
2016-05-25,,,,4.9,0
2016-05-24,4.1,4.9,4.1,4.9,200
2016-05-24,,,,4.9,0
2016-05-23,,,,4.5,0
2016-05-23,,,,4.5,0
2016-05-20,4.5,4.5,4.5,4.5,100
2016-05-20,,,,4.5,0
2016-05-19,4.1,4.1,4.1,4.1,2700
2016-05-19,,,,4.1,0
2016-05-18,4.3,4.3,4.3,4.3,300
2016-05-18,,,,4.3,0
2016-05-17,4.9,4.9,4.3,4.3,2700
2016-05-17,,,,4.3,0
2016-05-16,,,,4.5,0
2016-05-16,,,,4.5,0
2016-05-13,4.6,4.6,4.5,4.5,900
2016-05-13,,,,4.5,0
2016-05-12,,,,5.0,0
2016-05-12,,,,5.0,0
2016-05-11,,,,5.0,0
2016-05-11,,,,5.0,0
2016-05-10,,,,5.0,0
2016-05-10,,,,5.0,0
2016-05-09,,,,5.0,0
2016-05-09,,,,5.0,0
2016-05-06,,,,5.0,0
2016-05-06,,,,5.0,0
2016-05-05,,,,5.0,0
2016-05-05,,,,5.0,0
2016-05-04,5.0,5.0,5.0,5.0,100
2016-05-04,,,,5.0,0
2016-04-29,,,,5.4,0
2016-04-29,,,,5.4,0
2016-04-28,,,,5.4,0
2016-04-28,,,,5.4,0
2016-04-27,5.4,5.4,5.4,5.4,2400
2016-04-27,,,,5.4,0
2016-04-26,5.9,5.9,5.9,5.9,100
2016-04-26,,,,5.9,0
2016-04-25,,,,6.5,0
2016-04-25,,,,6.5,0
2016-04-22,6.5,6.5,6.5,6.5,100
2016-04-22,,,,6.5,0
2016-04-21,,,,6.0,0
2016-04-21,,,,6.0,0
2016-04-20,5.7,6.0,5.7,6.0,1100
2016-04-20,,,,6.0,0
2016-04-19,,,,6.3,0
2016-04-19,,,,6.3,0
2016-04-15,,,,6.3,0
2016-04-15,,,,6.3,0
2016-04-14,6.3,6.3,6.3,6.3,2000
2016-04-14,,,,6.3,0
2016-04-13,,,,6.8,0
2016-04-13,,,,6.8,0
2016-04-12,,,,6.8,0
2016-04-12,,,,6.8,0
2016-04-11,6.8,6.8,6.8,6.8,1000
2016-04-11,,,,6.8,0
2016-04-08,,,,7.5,0
2016-04-08,,,,7.5,0
2016-04-07,,,,7.5,0
2016-04-07,,,,7.5,0
2016-04-06,7.5,7.5,7.5,7.5,100
2016-04-06,,,,7.5,0
2016-04-05,,,,7.7,0
2016-04-05,,,,7.7,0
2016-04-04,,,,7.7,0
2016-04-04,,,,7.7,0
2016-04-01,7.7,7.7,7.7,7.7,100
2016-04-01,,,,7.7,0
2016-03-31,6.5,7.0,6.5,7.0,200
2016-03-31,,,,7.0,0
2016-03-30,,,,7.2,0
2016-03-30,,,,7.2,0
2016-03-29,,,,7.2,0
2016-03-29,,,,7.2,0
2016-03-28,7.2,7.2,7.2,7.2,200
2016-03-28,,,,7.2,0
2016-03-25,,,,6.8,0
2016-03-25,,,,6.8,0
2016-03-24,5.7,6.9,5.7,6.8,900
2016-03-24,,,,6.8,0
2016-03-23,6.3,6.3,6.3,6.3,100
2016-03-23,,,,6.3,0
2016-03-22,6.9,6.9,6.9,6.9,100
2016-03-22,,,,6.9,0
2016-03-21,7.6,7.6,7.6,7.6,100
2016-03-21,,,,7.6,0
2016-03-18,,,,8.4,0
2016-03-18,,,,8.4,0
2016-03-17,8.4,8.4,8.4,8.4,1000
2016-03-17,,,,8.4,0
2016-03-16,,,,8.4,0
2016-03-16,,,,8.4,0
2016-03-15,8.4,8.4,8.4,8.4,100
2016-03-15,,,,8.4,0
2016-03-14,,,,9.3,0
2016-03-14,,,,9.3,0
2016-03-11,9.3,9.3,9.3,9.3,100
2016-03-11,,,,9.3,0
2016-03-10,,,,10.3,0
2016-03-10,,,,10.3,0
2016-03-09,10.3,10.3,10.3,10.3,100
2016-03-09,,,,10.3,0
2016-03-08,11.4,11.4,11.4,11.4,100
2016-03-08,,,,11.4,0
2016-03-07,,,,12.6,0
2016-03-07,,,,12.6,0
2016-03-04,12.6,12.6,12.6,12.6,100
2016-03-04,,,,12.6,0
2016-03-03,,,,13.9,0
2016-03-03,,,,13.9,0
2016-03-02,,,,13.9,0
2016-03-02,,,,13.9,0
2016-03-01,13.9,13.9,13.9,13.9,100
2016-03-01,,,,13.9,0
2016-02-29,,,,15.4,0
2016-02-29,,,,15.4,0
2016-02-26,,,,15.4,0
2016-02-26,,,,15.4,0
2016-02-25,,,,15.4,0
2016-02-25,,,,15.4,0
2016-02-24,,,,15.4,0
2016-02-24,,,,15.4,0
2016-02-23,,,,15.4,0
2016-02-23,,,,15.4,0
2016-02-22,,,,15.4,0
2016-02-22,,,,15.4,0
2016-02-19,,,,15.4,0
2016-02-19,,,,15.4,0
2016-02-18,,,,15.4,0
2016-02-18,,,,15.4,0
2016-02-17,,,,15.4,0
2016-02-17,,,,15.4,0
2016-02-16,,,,15.4,0
2016-02-16,,,,15.4,0
2016-02-15,,,,15.4,0
2016-02-15,,,,15.4,0
2016-02-05,,,,15.4,0
2016-02-05,,,,15.4,0
2016-02-04,,,,15.4,0
2016-02-04,,,,15.4,0
2016-02-03,,,,15.4,0
2016-02-03,,,,15.4,0
2016-02-02,,,,15.4,0
2016-02-02,,,,15.4,0
2016-02-01,,,,15.4,0
2016-02-01,,,,15.4,0
2016-01-29,,,,15.4,0
2016-01-29,,,,15.4,0
2016-01-28,,,,15.4,0
2016-01-28,,,,15.4,0
2016-01-27,,,,15.4,0
2016-01-27,,,,15.4,0
2016-01-26,,,,15.4,0
2016-01-26,,,,15.4,0
2016-01-25,,,,15.4,0
2016-01-25,,,,15.4,0
2016-01-22,,,,15.4,0
2016-01-22,,,,15.4,0
2016-01-21,,,,15.4,0
2016-01-21,,,,15.4,0
2016-01-20,,,,15.4,0
2016-01-20,,,,15.4,0
2016-01-19,15.4,15.4,15.4,15.4,300
2016-01-19,,,,15.4,0
2016-01-18,,,,14.1,0
2016-01-18,,,,14.1,0
2016-01-15,,,,14.1,0
2016-01-15,,,,14.1,0
2016-01-14,14.1,14.1,14.1,14.1,100
2016-01-14,,,,14.1,0
2016-01-13,,,,12.9,0
2016-01-13,,,,12.9,0
2016-01-12,,,,12.9,0
2016-01-12,,,,12.9,0
2016-01-11,,,,12.9,0
2016-01-11,,,,12.9,0
2016-01-08,12.9,12.9,12.9,12.9,100
2016-01-08,,,,12.9,0
2016-01-07,,,,11.8,0
2016-01-07,,,,11.8,0
2016-01-06,,,,11.8,0
2016-01-06,,,,11.8,0
2016-01-05,,,,11.8,0
2016-01-05,,,,11.8,0
2016-01-04,,,,11.8,0
2016-01-04,,,,11.8,0
2015-12-31,11.8,11.8,11.8,11.8,100
2015-12-31,,,,11.8,0
2015-12-30,10.8,10.8,10.8,10.8,100
2015-12-30,,,,10.8,0
2015-12-29,9.9,9.9,9.9,9.9,100
2015-12-29,,,,9.9,0
2015-12-28,9.0,9.0,9.0,9.0,100
2015-12-28,,,,9.0,0
2015-12-25,8.2,8.2,8.2,8.2,100
2015-12-25,,,,8.2,0
2015-12-24,6.3,7.5,6.3,7.5,9000
2015-12-24,,,,7.5,0
2015-12-23,6.9,6.9,6.9,6.9,600
2015-12-23,,,,6.9,0
2015-12-22,,,,7.6,0
2015-12-22,,,,7.6,0
2015-12-21,,,,7.6,0
2015-12-21,,,,7.6,0
2015-12-18,,,,7.6,0
2015-12-18,,,,7.6,0
2015-12-17,,,,7.6,0
2015-12-17,,,,7.6,0
2015-12-16,,,,7.6,0
2015-12-16,,,,7.6,0
2015-12-15,,,,7.6,0
2015-12-15,,,,7.6,0
2015-12-14,,,,7.6,0
2015-12-14,,,,7.6,0
2015-12-11,,,,7.6,0
2015-12-11,,,,7.6,0
2015-12-10,,,,7.6,0
2015-12-10,,,,7.6,0
2015-12-09,,,,7.6,0
2015-12-09,,,,7.6,0
2015-12-08,,,,7.6,0
2015-12-08,,,,7.6,0
2015-12-07,7.5,7.6,7.5,7.6,200
2015-12-07,,,,7.6,0
2015-12-04,,,,7.3,0
2015-12-04,,,,7.3,0
2015-12-03,,,,7.3,0
2015-12-03,,,,7.3,0
2015-12-02,,,,7.3,0
2015-12-02,,,,7.3,0
2015-12-01,,,,7.3,0
2015-12-01,,,,7.3,0
2015-11-30,7.3,7.3,7.3,7.3,100
2015-11-30,,,,7.3,0
2015-11-27,6.8,6.8,6.8,6.8,100
2015-11-27,,,,6.8,0
2015-11-26,6.2,6.2,6.2,6.2,100
2015-11-26,,,,6.2,0
2015-11-25,6.8,6.8,6.8,6.8,100
2015-11-25,,,,6.8,0
2015-11-24,7.3,7.3,7.3,7.3,100
2015-11-24,,,,7.3,0
2015-11-23,8.1,8.1,8.1,8.1,100
2015-11-23,,,,8.1,0
2015-11-20,,,,9.0,0
2015-11-20,,,,9.0,0
2015-11-19,,,,9.0,0
2015-11-19,,,,9.0,0
2015-11-18,,,,9.0,0
2015-11-18,,,,9.0,0
2015-11-17,9.0,9.0,9.0,9.0,100
2015-11-17,,,,9.0,0
2015-11-16,,,,8.6,0
2015-11-16,,,,8.6,0
2015-11-13,,,,8.6,0
2015-11-13,,,,8.6,0
2015-11-12,,,,8.6,0
2015-11-12,,,,8.6,0
2015-11-11,8.6,8.6,8.6,8.6,100
2015-11-11,,,,8.6,0
2015-11-10,,,,9.5,0
2015-11-10,,,,9.5,0
2015-11-09,,,,9.5,0
2015-11-09,,,,9.5,0
2015-11-06,,,,9.5,0
2015-11-06,,,,9.5,0
2015-11-05,,,,9.5,0
2015-11-05,,,,9.5,0
2015-11-04,,,,9.5,0
2015-11-04,,,,9.5,0
2015-11-03,,,,9.5,0
2015-11-03,,,,9.5,0
2015-11-02,,,,9.5,0
2015-11-02,,,,9.5,0
2015-10-30,,,,9.5,0
2015-10-30,,,,9.5,0
2015-10-29,9.5,9.5,9.5,9.5,500
2015-10-29,,,,9.5,0
2015-10-28,10.5,10.5,10.2,10.2,1100
2015-10-28,,,,10.2,0
2015-10-27,,,,11.3,0
2015-10-27,,,,11.3,0
2015-10-26,11.3,11.3,11.3,11.3,800
2015-10-26,,,,11.3,0
2015-10-23,,,,12.5,0
2015-10-23,,,,12.5,0
2015-10-22,,,,12.5,0
2015-10-22,,,,12.5,0
2015-10-21,,,,12.5,0
2015-10-21,,,,12.5,0
2015-10-20,12.5,12.5,12.5,12.5,100
2015-10-20,,,,12.5,0
2015-10-19,,,,11.4,0
2015-10-19,,,,11.4,0
2015-10-16,,,,11.4,0
2015-10-16,,,,11.4,0
2015-10-15,,,,11.4,0
2015-10-15,,,,11.4,0
2015-10-14,,,,11.4,0
2015-10-14,,,,11.4,0
2015-10-13,,,,11.4,0
2015-10-13,,,,11.4,0
2015-10-12,,,,11.4,0
2015-10-12,,,,11.4,0
2015-10-09,,,,11.4,0
2015-10-09,,,,11.4,0
2015-10-08,,,,11.4,0
2015-10-08,,,,11.4,0
2015-10-07,,,,11.4,0
2015-10-07,,,,11.4,0
2015-10-06,,,,11.4,0
2015-10-06,,,,11.4,0
2015-10-05,,,,11.4,0
2015-10-05,,,,11.4,0
2015-10-02,,,,11.4,0
2015-10-02,,,,11.4,0
2015-10-01,,,,11.4,0
2015-10-01,,,,11.4,0
2015-09-30,,,,11.4,0
2015-09-30,,,,11.4,0
2015-09-29,,,,11.4,0
2015-09-29,,,,11.4,0
2015-09-28,,,,11.4,0
2015-09-28,,,,11.4,0
2015-09-25,,,,11.4,0
2015-09-25,,,,11.4,0
2015-09-24,,,,11.4,0
2015-09-24,,,,11.4,0
2015-09-23,,,,11.4,0
2015-09-23,,,,11.4,0
2015-09-22,,,,11.4,0
2015-09-22,,,,11.4,0
2015-09-21,,,,11.4,0
2015-09-21,,,,11.4,0
2015-09-18,,,,11.4,0
2015-09-18,,,,11.4,0
2015-09-17,,,,11.4,0
2015-09-17,,,,11.4,0
2015-09-16,11.4,11.4,11.4,11.4,100
2015-09-16,,,,11.4,0
2015-09-15,10.9,10.9,10.9,10.9,100
2015-09-15,,,,10.9,0
2015-09-14,10.0,10.0,10.0,10.0,500
2015-09-14,,,,10.0,0
2015-09-11,,,,9.9,0
2015-09-11,,,,9.9,0
2015-09-10,9.9,9.9,9.9,9.9,100
2015-09-10,,,,9.9,0
2015-09-09,9.0,9.0,8.6,9.0,600
2015-09-09,,,,9.0,0
2015-09-08,9.5,9.5,9.5,9.5,1000
2015-09-08,,,,9.5,0
2015-09-07,,,,10.5,0
2015-09-07,,,,10.5,0
2015-09-04,10.5,10.5,10.5,10.5,400
2015-09-04,,,,10.5,0
2015-09-03,,,,11.4,0
2015-09-03,,,,11.4,0
2015-09-01,,,,11.4,0
2015-09-01,,,,11.4,0
2015-08-31,,,,11.4,0
2015-08-31,,,,11.4,0
2015-08-28,,,,11.4,0
2015-08-28,,,,11.4,0
2015-08-27,,,,11.4,0
2015-08-27,,,,11.4,0
2015-08-26,,,,11.4,0
2015-08-26,,,,11.4,0
2015-08-25,,,,11.4,0
2015-08-25,,,,11.4,0
2015-08-24,,,,11.4,0
2015-08-24,,,,11.4,0
2015-08-21,11.4,11.4,11.4,11.4,100
2015-08-21,,,,11.4,0
2015-08-20,,,,11.0,0
2015-08-20,,,,11.0,0
2015-08-19,,,,11.0,0
2015-08-19,,,,11.0,0
2015-08-18,,,,11.0,0
2015-08-18,,,,11.0,0
2015-08-17,,,,11.0,0
2015-08-17,,,,11.0,0
2015-08-14,,,,11.0,0
2015-08-14,,,,11.0,0
2015-08-13,11.0,11.0,11.0,11.0,500
2015-08-13,,,,11.0,0
2015-08-12,,,,11.4,0
2015-08-12,,,,11.4,0
2015-08-11,,,,11.4,0
2015-08-11,,,,11.4,0
2015-08-10,,,,11.4,0
2015-08-10,,,,11.4,0
2015-08-07,,,,11.4,0
2015-08-07,,,,11.4,0
2015-08-06,,,,11.4,0
2015-08-06,,,,11.4,0
2015-08-05,,,,11.4,0
2015-08-05,,,,11.4,0
2015-08-04,11.4,11.4,11.4,11.4,100
2015-08-04,,,,11.4,0
2015-08-03,10.4,10.4,10.4,10.4,200
2015-08-03,,,,10.4,0
2015-07-31,10.4,10.4,10.4,10.4,1000
2015-07-31,,,,10.4,0
2015-07-30,11.4,11.4,11.4,11.4,100
2015-07-30,,,,11.4,0
2015-07-29,12.6,12.6,12.6,12.6,100
2015-07-29,,,,12.6,0
2015-07-28,14.0,14.0,14.0,14.0,100
2015-07-28,,,,14.0,0
2015-07-27,,,,15.5,0
2015-07-27,,,,15.5,0
2015-07-24,,,,15.5,0
2015-07-24,,,,15.5,0
2015-07-23,,,,15.5,0
2015-07-23,,,,15.5,0
2015-07-22,,,,15.5,0
2015-07-22,,,,15.5,0
2015-07-21,,,,15.5,0
2015-07-21,,,,15.5,0
2015-07-20,,,,15.5,0
2015-07-20,,,,15.5,0
2015-07-17,15.5,15.5,15.5,15.5,100
2015-07-17,,,,15.5,0
2015-07-16,,,,14.1,0
2015-07-16,,,,14.1,0
2015-07-15,,,,14.1,0
2015-07-15,,,,14.1,0
2015-07-14,,,,14.1,0
2015-07-14,,,,14.1,0
2015-07-13,,,,14.1,0
2015-07-13,,,,14.1,0
2015-07-10,,,,14.1,0
2015-07-10,,,,14.1,0
2015-07-09,,,,14.1,0
2015-07-09,,,,14.1,0
2015-07-08,14.1,14.1,14.1,14.1,100
2015-07-08,,,,14.1,0
2015-07-07,12.9,12.9,12.9,12.9,1100
2015-07-07,,,,12.9,0
2015-07-06,11.8,11.8,11.8,11.8,100
2015-07-06,,,,11.8,0
2015-07-03,10.8,10.8,10.8,10.8,300
2015-07-03,,,,10.8,0
2015-07-02,9.9,9.9,9.9,9.9,1100
2015-07-02,,,,9.9,0
2015-07-01,7.6,9.0,7.6,9.0,2000
2015-07-01,,,,9.0,0
2015-06-30,7.5,8.2,7.5,8.2,7400
2015-06-30,,,,8.2,0
2015-06-29,7.0,8.2,7.0,7.5,5900
2015-06-29,,,,7.5,0
2015-06-26,7.2,7.5,7.2,7.5,2500
2015-06-26,,,,7.5,0
2015-06-25,,,,7.0,0
2015-06-25,,,,7.0,0
2015-06-24,,,,7.0,0
2015-06-24,,,,7.0,0
2015-06-23,7.0,7.0,7.0,7.0,900
2015-06-23,,,,7.0,0
2015-06-22,6.8,6.8,6.8,6.8,200
2015-06-22,,,,6.8,0
2015-06-19,,,,6.8,0
2015-06-19,,,,6.8,0
2015-06-18,,,,6.8,0
2015-06-18,,,,6.8,0
2015-06-17,,,,6.8,0
2015-06-17,,,,6.8,0
2015-06-16,,,,6.8,0
2015-06-16,,,,6.8,0
2015-06-15,,,,6.8,0
2015-06-15,,,,6.8,0
2015-06-12,,,,6.8,0
2015-06-12,,,,6.8,0
2015-06-11,6.8,6.8,6.8,6.8,100
2015-06-11,,,,6.8,0
2015-06-10,6.2,6.2,6.2,6.2,100
2015-06-10,,,,6.2,0
2015-06-09,,,,5.7,0
2015-06-09,,,,5.7,0
2015-06-08,,,,5.7,0
2015-06-08,,,,5.7,0
2015-06-05,,,,5.7,0
2015-06-05,,,,5.7,0
2015-06-04,5.7,5.7,5.7,5.7,500
2015-06-04,,,,5.7,0
2015-06-03,5.2,5.2,5.2,5.2,100
2015-06-03,,,,5.2,0
2015-06-02,4.8,4.8,4.8,4.8,100
2015-06-02,,,,4.8,0
2015-06-01,5.3,5.3,5.3,5.3,1700
2015-06-01,,,,5.3,0
2015-05-29,5.1,5.1,5.1,5.1,100
2015-05-29,,,,5.1,0
2015-05-28,5.0,5.1,5.0,5.1,200
2015-05-28,,,,5.1,0
2015-05-27,,,,4.8,0
2015-05-27,,,,4.8,0
2015-05-26,,,,4.8,0
2015-05-26,,,,4.8,0
2015-05-25,,,,4.8,0
2015-05-25,,,,4.8,0
2015-05-22,,,,4.8,0
2015-05-22,,,,4.8,0
2015-05-21,,,,4.8,0
2015-05-21,,,,4.8,0
2015-05-20,,,,4.8,0
2015-05-20,,,,4.8,0
2015-05-19,,,,4.8,0
2015-05-19,,,,4.8,0
2015-05-18,,,,4.8,0
2015-05-18,,,,4.8,0
2015-05-15,4.8,4.8,4.8,4.8,200
2015-05-15,,,,4.8,0
2015-05-14,5.3,5.3,5.3,5.3,100
2015-05-14,,,,5.3,0
2015-05-13,,,,5.8,0
2015-05-13,,,,5.8,0
2015-05-12,,,,5.8,0
2015-05-12,,,,5.8,0
2015-05-11,,,,5.8,0
2015-05-11,,,,5.8,0
2015-05-08,,,,5.8,0
2015-05-08,,,,5.8,0
2015-05-07,,,,5.8,0
2015-05-07,,,,5.8,0
2015-05-06,,,,5.8,0
2015-05-06,,,,5.8,0
2015-05-05,,,,5.8,0
2015-05-05,,,,5.8,0
2015-05-04,,,,5.8,0
2015-05-04,,,,5.8,0
2015-04-27,,,,5.8,0
2015-04-27,,,,5.8,0
2015-04-24,,,,5.8,0
2015-04-24,,,,5.8,0
2015-04-23,,,,5.8,0
2015-04-23,,,,5.8,0
2015-04-22,5.8,5.8,5.8,5.8,100
2015-04-22,,,,5.8,0
2015-04-21,,,,6.3,0
2015-04-21,,,,6.3,0
2015-04-20,6.3,6.3,6.3,6.3,900
2015-04-20,,,,6.3,0
2015-04-17,6.6,6.6,6.6,6.6,1000
2015-04-17,,,,6.6,0
2015-04-16,,,,6.6,0
2015-04-16,,,,6.6,0
2015-04-15,,,,6.6,0
2015-04-15,,,,6.6,0
2015-04-14,,,,6.6,0
2015-04-14,,,,6.6,0
2015-04-13,,,,6.6,0
2015-04-13,,,,6.6,0
2015-04-10,,,,6.6,0
2015-04-10,,,,6.6,0
2015-04-09,,,,6.6,0
2015-04-09,,,,6.6,0
2015-04-08,,,,6.6,0
2015-04-08,,,,6.6,0
2015-04-07,6.6,6.6,6.6,6.6,100
2015-04-07,,,,6.6,0
2015-04-06,,,,7.3,0
2015-04-06,,,,7.3,0
2015-04-03,,,,7.3,0
2015-04-03,,,,7.3,0
2015-04-02,,,,7.3,0
2015-04-02,,,,7.3,0
2015-04-01,7.3,7.3,7.3,7.3,120
2015-04-01,,,,7.3,0
2015-03-31,,,,7.2,0
2015-03-31,,,,7.2,0
2015-03-30,,,,7.2,0
2015-03-30,,,,7.2,0
2015-03-27,,,,7.2,0
2015-03-27,,,,7.2,0
2015-03-26,,,,7.2,0
2015-03-26,,,,7.2,0
2015-03-25,,,,7.2,0
2015-03-25,,,,7.2,0
2015-03-24,,,,7.2,0
2015-03-24,,,,7.2,0
2015-03-23,,,,7.2,0
2015-03-23,,,,7.2,0
2015-03-20,,,,7.2,0
2015-03-20,,,,7.2,0
2015-03-19,,,,7.2,0
2015-03-19,,,,7.2,0
2015-03-18,7.2,7.2,7.2,7.2,200
2015-03-18,,,,7.2,0
2015-03-17,,,,7.9,0
2015-03-17,,,,7.9,0
2015-03-16,,,,7.9,0
2015-03-16,,,,7.9,0
2015-03-13,,,,7.9,0
2015-03-13,,,,7.9,0
2015-03-12,,,,7.9,0
2015-03-12,,,,7.9,0
2015-03-11,,,,7.9,0
2015-03-11,,,,7.9,0
2015-03-10,7.9,7.9,7.9,7.9,100
2015-03-10,,,,7.9,0
2015-03-09,,,,7.9,0
2015-03-09,,,,7.9,0
2015-03-06,,,,7.9,0
2015-03-06,,,,7.9,0
2015-03-05,,,,7.9,0
2015-03-05,,,,7.9,0
2015-03-04,,,,7.9,0
2015-03-04,,,,7.9,0
2015-03-03,,,,7.9,0
2015-03-03,,,,7.9,0
2015-03-02,,,,7.9,0
2015-03-02,,,,7.9,0
2015-02-27,,,,7.9,0
2015-02-27,,,,7.9,0
2015-02-26,,,,7.9,0
2015-02-26,,,,7.9,0
2015-02-25,,,,7.9,0
2015-02-25,,,,7.9,0
2015-02-24,,,,7.9,0
2015-02-24,,,,7.9,0
2015-02-13,,,,7.9,0
2015-02-13,,,,7.9,0
2015-02-12,,,,7.9,0
2015-02-12,,,,7.9,0
2015-02-11,,,,7.9,0
2015-02-11,,,,7.9,0
2015-02-10,,,,7.9,0
2015-02-10,,,,7.9,0
2015-02-09,,,,7.9,0
2015-02-09,,,,7.9,0
2015-02-06,,,,7.9,0
2015-02-06,,,,7.9,0
2015-02-05,7.9,7.9,7.9,7.9,400
2015-02-05,,,,7.9,0
2015-02-04,7.2,7.2,7.2,7.2,100
2015-02-04,,,,7.2,0
2015-02-03,6.6,6.6,6.6,6.6,100
2015-02-03,,,,6.6,0
2015-02-02,,,,6.0,0
2015-02-02,,,,6.0,0
2015-01-30,,,,6.0,0
2015-01-30,,,,6.0,0
2015-01-29,,,,6.0,0
2015-01-29,,,,6.0,0
2015-01-28,,,,6.0,0
2015-01-28,,,,6.0,0
2015-01-27,,,,6.0,0
2015-01-27,,,,6.0,0
2015-01-26,,,,6.0,0
2015-01-26,,,,6.0,0
2015-01-23,,,,6.0,0
2015-01-23,,,,6.0,0
2015-01-22,,,,6.0,0
2015-01-22,,,,6.0,0
2015-01-21,,,,6.0,0
2015-01-21,,,,6.0,0
2015-01-20,,,,6.0,0
2015-01-20,,,,6.0,0
2015-01-19,,,,6.0,0
2015-01-19,,,,6.0,0
2015-01-16,,,,6.0,0
2015-01-16,,,,6.0,0
2015-01-15,,,,6.0,0
2015-01-15,,,,6.0,0
2015-01-14,,,,6.0,0
2015-01-14,,,,6.0,0
2015-01-13,,,,6.0,0
2015-01-13,,,,6.0,0
2015-01-12,,,,6.0,0
2015-01-12,,,,6.0,0
2015-01-09,,,,6.0,0
2015-01-09,,,,6.0,0
2015-01-08,,,,6.0,0
2015-01-08,,,,6.0,0
2015-01-07,,,,6.0,0
2015-01-07,,,,6.0,0
2015-01-06,6.0,6.0,6.0,6.0,2400
2015-01-06,,,,6.0,0
2015-01-05,,,,5.8,0
2015-01-05,,,,5.8,0
2014-12-31,,,,5.8,0
2014-12-31,,,,5.8,0
2014-12-30,,,,5.8,0
2014-12-30,,,,5.8,0
2014-12-29,,,,5.8,0
2014-12-29,,,,5.8,0
2014-12-26,,,,5.8,0
2014-12-26,,,,5.8,0
2014-12-25,5.8,5.8,5.8,5.8,100
2014-12-25,,,,5.8,0
2014-12-24,,,,5.4,0
2014-12-24,,,,5.4,0
2014-12-23,,,,5.4,0
2014-12-23,,,,5.4,0
2014-12-22,,,,5.4,0
2014-12-22,,,,5.4,0
2014-12-19,,,,5.4,0
2014-12-19,,,,5.4,0
2014-12-18,,,,5.4,0
2014-12-18,,,,5.4,0
2014-12-17,,,,5.4,0
2014-12-17,,,,5.4,0
2014-12-16,,,,5.4,0
2014-12-16,,,,5.4,0
2014-12-15,,,,5.4,0
2014-12-15,,,,5.4,0
2014-12-12,,,,5.4,0
2014-12-12,,,,5.4,0
2014-12-11,,,,5.4,0
2014-12-11,,,,5.4,0
2014-12-10,5.4,5.4,5.4,5.4,100
2014-12-10,,,,5.4,0
2014-12-09,,,,6.0,0
2014-12-09,,,,6.0,0
2014-12-08,,,,6.0,0
2014-12-08,,,,6.0,0
2014-12-05,,,,6.0,0
2014-12-05,,,,6.0,0
2014-12-04,,,,6.0,0
2014-12-04,,,,6.0,0
2014-12-03,,,,6.0,0
2014-12-03,,,,6.0,0
2014-12-02,,,,6.0,0
2014-12-02,,,,6.0,0
2014-12-01,,,,6.0,0
2014-12-01,,,,6.0,0
2014-11-28,,,,6.0,0
2014-11-28,,,,6.0,0
2014-11-27,,,,6.0,0
2014-11-27,,,,6.0,0
2014-11-26,,,,6.0,0
2014-11-26,,,,6.0,0
2014-11-25,,,,6.0,0
2014-11-25,,,,6.0,0
2014-11-24,,,,6.0,0
2014-11-24,,,,6.0,0
2014-11-21,,,,6.0,0
2014-11-21,,,,6.0,0
2014-11-20,6.0,6.0,6.0,6.0,10000
2014-11-20,,,,6.0,0
2014-11-19,,,,6.0,0
2014-11-19,,,,6.0,0
2014-11-18,,,,6.0,0
2014-11-18,,,,6.0,0
2014-11-17,,,,6.0,0
2014-11-17,,,,6.0,0
2014-11-14,,,,6.0,0
2014-11-14,,,,6.0,0
2014-11-13,,,,6.0,0
2014-11-13,,,,6.0,0
2014-11-12,,,,6.0,0
2014-11-12,,,,6.0,0
2014-11-11,6.0,6.0,6.0,6.0,100
2014-11-11,,,,6.0,0
2014-11-10,,,,6.4,0
2014-11-10,,,,6.4,0
2014-11-07,,,,6.4,0
2014-11-07,,,,6.4,0
2014-11-06,,,,6.4,0
2014-11-06,,,,6.4,0
2014-11-05,,,,6.4,0
2014-11-05,,,,6.4,0
2014-11-04,,,,6.4,0
2014-11-04,,,,6.4,0
2014-11-03,,,,6.4,0
2014-11-03,,,,6.4,0
2014-10-31,,,,6.4,0
2014-10-31,,,,6.4,0
2014-10-30,6.4,6.4,6.4,6.4,100
2014-10-30,,,,6.4,0
2014-10-29,,,,6.4,0
2014-10-29,,,,6.4,0
2014-10-28,,,,6.4,0
2014-10-28,,,,6.4,0
2014-10-27,,,,6.4,0
2014-10-27,,,,6.4,0
2014-10-24,,,,6.4,0
2014-10-24,,,,6.4,0
2014-10-23,,,,6.4,0
2014-10-23,,,,6.4,0
2014-10-22,,,,6.4,0
2014-10-22,,,,6.4,0
2014-10-21,6.4,6.4,6.4,6.4,500
2014-10-21,,,,6.4,0
2014-10-20,,,,7.0,0
2014-10-20,,,,7.0,0
2014-10-17,,,,7.0,0
2014-10-17,,,,7.0,0
2014-10-16,,,,7.0,0
2014-10-16,,,,7.0,0
2014-10-15,,,,7.0,0
2014-10-15,,,,7.0,0
2014-10-14,,,,7.0,0
2014-10-14,,,,7.0,0
2014-10-13,,,,7.0,0
2014-10-13,,,,7.0,0
2014-10-10,,,,7.0,0
2014-10-10,,,,7.0,0
2014-10-09,7.0,7.0,7.0,7.0,100
2014-10-09,,,,7.0,0
2014-10-08,,,,6.9,0
2014-10-08,,,,6.9,0
2014-10-07,,,,6.9,0
2014-10-07,,,,6.9,0
2014-10-06,,,,6.9,0
2014-10-06,,,,6.9,0
2014-10-03,,,,6.9,0
2014-10-03,,,,6.9,0
2014-10-02,,,,6.9,0
2014-10-02,,,,6.9,0
2014-10-01,,,,6.9,0
2014-10-01,,,,6.9,0
2014-09-30,,,,6.9,0
2014-09-30,,,,6.9,0
2014-09-29,,,,6.9,0
2014-09-29,,,,6.9,0
2014-09-26,,,,6.9,0
2014-09-26,,,,6.9,0
2014-09-25,,,,6.9,0
2014-09-25,,,,6.9,0
2014-09-24,,,,6.9,0
2014-09-24,,,,6.9,0
2014-09-23,,,,6.9,0
2014-09-23,,,,6.9,0
2014-09-22,,,,6.9,0
2014-09-22,,,,6.9,0
2014-09-19,,,,6.9,0
2014-09-19,,,,6.9,0
2014-09-18,,,,6.9,0
2014-09-18,,,,6.9,0
2014-09-17,,,,6.9,0
2014-09-17,,,,6.9,0
2014-09-16,,,,6.9,0
2014-09-16,,,,6.9,0
2014-09-15,,,,6.9,0
2014-09-15,,,,6.9,0
2014-09-12,,,,6.9,0
2014-09-12,,,,6.9,0
2014-09-11,,,,6.9,0
2014-09-11,,,,6.9,0
2014-09-10,,,,6.9,0
2014-09-10,,,,6.9,0
2014-09-09,,,,6.9,0
2014-09-09,,,,6.9,0
2014-09-08,,,,6.9,0
2014-09-08,,,,6.9,0
2014-09-05,,,,6.9,0
2014-09-05,,,,6.9,0
2014-09-04,,,,6.9,0
2014-09-04,,,,6.9,0
2014-09-03,,,,6.9,0
2014-09-03,,,,6.9,0
2014-08-29,6.9,6.9,6.9,6.9,100
2014-08-29,,,,6.9,0
2014-08-28,,,,6.3,0
2014-08-28,,,,6.3,0
2014-08-27,,,,6.3,0
2014-08-27,,,,6.3,0
2014-08-26,,,,6.3,0
2014-08-26,,,,6.3,0
2014-08-25,,,,6.3,0
2014-08-25,,,,6.3,0
2014-08-22,6.2,6.3,6.2,6.3,500
2014-08-22,,,,6.3,0
2014-08-21,,,,6.0,0
2014-08-21,,,,6.0,0
2014-08-20,,,,6.0,0
2014-08-20,,,,6.0,0
2014-08-19,6.0,6.0,6.0,6.0,200
2014-08-19,,,,6.0,0
2014-08-18,5.6,5.6,5.6,5.6,200
2014-08-18,,,,5.6,0
2014-08-15,5.5,5.5,5.5,5.5,200
2014-08-15,,,,5.5,0
2014-08-14,,,,6.0,0
2014-08-14,,,,6.0,0
2014-08-13,,,,6.0,0
2014-08-13,,,,6.0,0
2014-08-12,6.0,6.0,6.0,6.0,500
2014-08-12,,,,6.0,0
2014-08-11,,,,6.5,0
2014-08-11,,,,6.5,0
2014-08-08,,,,6.5,0
2014-08-08,,,,6.5,0
2014-08-07,,,,6.5,0
2014-08-07,,,,6.5,0
2014-08-06,,,,6.5,0
2014-08-06,,,,6.5,0
2014-08-05,,,,6.5,0
2014-08-05,,,,6.5,0
2014-08-04,,,,6.5,0
2014-08-04,,,,6.5,0
2014-08-01,,,,6.5,0
2014-08-01,,,,6.5,0
2014-07-31,,,,6.5,0
2014-07-31,,,,6.5,0
2014-07-30,,,,6.5,0
2014-07-30,,,,6.5,0
2014-07-29,,,,6.5,0
2014-07-29,,,,6.5,0
2014-07-28,6.5,6.5,6.5,6.5,100
2014-07-28,,,,6.5,0
2014-07-25,,,,7.2,0
2014-07-25,,,,7.2,0
2014-07-24,,,,7.2,0
2014-07-24,,,,7.2,0
2014-07-23,,,,7.2,0
2014-07-23,,,,7.2,0
2014-07-22,,,,7.2,0
2014-07-22,,,,7.2,0
2014-07-21,,,,7.2,0
2014-07-21,,,,7.2,0
2014-07-18,,,,7.2,0
2014-07-18,,,,7.2,0
2014-07-17,,,,7.2,0
2014-07-17,,,,7.2,0
2014-07-16,7.2,7.2,7.2,7.2,1000
2014-07-16,,,,7.2,0
2014-07-15,,,,7.2,0
2014-07-15,,,,7.2,0
2014-07-14,,,,7.2,0
2014-07-14,,,,7.2,0
2014-07-11,,,,7.2,0
2014-07-11,,,,7.2,0
2014-07-10,,,,7.2,0
2014-07-10,,,,7.2,0
2014-07-09,,,,7.2,0
2014-07-09,,,,7.2,0
2014-07-08,,,,7.2,0
2014-07-08,,,,7.2,0
2014-07-07,6.6,7.2,6.6,7.2,8400
2014-07-07,,,,7.2,0
2014-07-04,,,,7.2,0
2014-07-04,,,,7.2,0
2014-07-03,,,,7.2,0
2014-07-03,,,,7.2,0
2014-07-02,,,,7.2,0
2014-07-02,,,,7.2,0
2014-07-01,,,,7.2,0
2014-07-01,,,,7.2,0
2014-06-30,,,,7.2,0
2014-06-30,,,,7.2,0
2014-06-27,,,,7.2,0
2014-06-27,,,,7.2,0
2014-06-26,,,,7.2,0
2014-06-26,,,,7.2,0
2014-06-25,,,,7.2,0
2014-06-25,,,,7.2,0
2014-06-24,,,,7.2,0
2014-06-24,,,,7.2,0
2014-06-23,,,,7.2,0
2014-06-23,,,,7.2,0
2014-06-20,,,,7.2,0
2014-06-20,,,,7.2,0
2014-06-19,,,,7.2,0
2014-06-19,,,,7.2,0
2014-06-18,,,,7.2,0
2014-06-18,,,,7.2,0
2014-06-17,,,,7.2,0
2014-06-17,,,,7.2,0
2014-06-16,,,,7.2,0
2014-06-16,,,,7.2,0
2014-06-13,,,,7.2,0
2014-06-13,,,,7.2,0
2014-06-12,,,,7.2,0
2014-06-12,,,,7.2,0
2014-06-11,,,,7.2,0
2014-06-11,,,,7.2,0
2014-06-10,,,,7.2,0
2014-06-10,,,,7.2,0
2014-06-09,,,,7.2,0
2014-06-09,,,,7.2,0
2014-06-06,6.7,7.4,6.7,7.2,500
2014-06-06,,,,7.2,0
2014-06-05,,,,7.4,0
2014-06-05,,,,7.4,0
2014-06-04,,,,7.4,0
2014-06-04,,,,7.4,0
2014-06-03,6.9,7.4,6.9,7.4,1400
2014-06-03,,,,7.4,0
2014-06-02,7.6,7.6,7.6,7.6,3600
2014-06-02,,,,7.6,0
2014-05-30,7.1,7.6,7.1,7.6,700
2014-05-30,,,,7.6,0
2014-05-29,7.5,7.7,7.5,7.6,700
2014-05-29,,,,7.6,0
2014-05-28,7.6,7.7,7.6,7.7,200
2014-05-28,,,,7.7,0
2014-05-27,8.1,8.1,8.1,8.1,100
2014-05-27,,,,8.1,0
2014-05-26,8.0,8.0,7.7,7.7,5100
2014-05-26,,,,7.7,0
2014-05-23,8.5,8.5,8.5,8.5,5000
2014-05-23,,,,8.5,0
2014-05-22,,,,9.4,0
2014-05-22,,,,9.4,0
2014-05-21,,,,9.4,0
2014-05-21,,,,9.4,0
2014-05-20,,,,9.4,0
2014-05-20,,,,9.4,0
2014-05-19,,,,9.4,0
2014-05-19,,,,9.4,0
2014-05-16,,,,9.4,0
2014-05-16,,,,9.4,0
2014-05-15,9.4,9.4,9.4,9.4,100
2014-05-15,,,,9.4,0
2014-05-14,,,,8.6,0
2014-05-14,,,,8.6,0
2014-05-13,,,,8.6,0
2014-05-13,,,,8.6,0
2014-05-12,,,,8.6,0
2014-05-12,,,,8.6,0
2014-05-09,,,,8.6,0
2014-05-09,,,,8.6,0
2014-05-08,,,,8.6,0
2014-05-08,,,,8.6,0
2014-05-07,7.9,8.6,7.2,8.6,7000
2014-05-07,,,,8.6,0
2014-05-06,,,,7.9,0
2014-05-06,,,,7.9,0
2014-05-05,7.9,7.9,7.9,7.9,8300
2014-05-05,,,,7.9,0
2014-04-29,7.9,7.9,7.2,7.2,4000
2014-04-29,,,,7.2,0
2014-04-28,8.1,8.1,7.2,7.2,4300
2014-04-28,,,,7.2,0
2014-04-25,,,,8.0,0
2014-04-25,,,,8.0,0
2014-04-24,,,,8.0,0
2014-04-24,,,,8.0,0
2014-04-23,8.0,8.0,8.0,8.0,200
2014-04-23,,,,8.0,0
2014-04-22,7.9,8.6,7.9,8.6,25000
2014-04-22,,,,8.6,0
2014-04-21,,,,7.9,0
2014-04-21,,,,7.9,0
2014-04-18,,,,7.9,0
2014-04-18,,,,7.9,0
2014-04-17,,,,7.9,0
2014-04-17,,,,7.9,0
2014-04-16,,,,7.9,0
2014-04-16,,,,7.9,0
2014-04-15,,,,7.9,0
2014-04-15,,,,7.9,0
2014-04-14,,,,7.9,0
2014-04-14,,,,7.9,0
2014-04-11,,,,7.9,0
2014-04-11,,,,7.9,0
2014-04-10,,,,7.9,0
2014-04-10,,,,7.9,0
2014-04-08,,,,7.9,0
2014-04-08,,,,7.9,0
2014-04-07,,,,7.9,0
2014-04-07,,,,7.9,0
2014-04-04,,,,7.9,0
2014-04-04,,,,7.9,0
2014-04-03,,,,7.9,0
2014-04-03,,,,7.9,0
2014-04-02,7.9,7.9,7.9,7.9,1000
2014-04-02,,,,7.9,0
2014-04-01,,,,7.8,0
2014-04-01,,,,7.8,0
2014-03-31,,,,7.8,0
2014-03-31,,,,7.8,0
2014-03-28,7.8,7.8,7.8,7.8,1900
2014-03-28,,,,7.8,0
2014-03-27,8.2,8.2,8.2,8.2,200
2014-03-27,,,,8.2,0
2014-03-26,9.1,9.1,8.4,8.4,300
2014-03-26,,,,8.4,0
2014-03-25,9.3,9.3,9.2,9.2,1300
2014-03-25,,,,9.2,0
2014-03-24,9.2,9.2,9.2,9.2,300
2014-03-24,,,,9.2,0
2014-03-21,9.2,9.2,9.2,9.2,200
2014-03-21,,,,9.2,0
2014-03-20,8.5,9.1,8.5,9.1,600
2014-03-20,,,,9.1,0
2014-03-19,8.0,8.3,8.0,8.3,2400
2014-03-19,,,,8.3,0
2014-03-18,7.8,7.8,7.8,7.8,200
2014-03-18,,,,7.8,0
2014-03-17,7.2,7.8,7.2,7.8,1200
2014-03-17,,,,7.8,0
2014-03-14,7.2,7.2,7.2,7.2,100
2014-03-14,,,,7.2,0
2014-03-13,,,,6.6,0
2014-03-13,,,,6.6,0
2014-03-12,6.6,6.6,6.6,6.6,100
2014-03-12,,,,6.6,0
2014-03-11,6.0,6.0,6.0,6.0,100
2014-03-11,,,,6.0,0
2014-03-10,,,,5.5,0
2014-03-10,,,,5.5,0
2014-03-07,,,,5.5,0
2014-03-07,,,,5.5,0
2014-03-06,5.5,5.5,5.5,5.5,100
2014-03-06,,,,5.5,0
2014-03-05,,,,6.1,0
2014-03-05,,,,6.1,0
2014-03-04,,,,6.1,0
2014-03-04,,,,6.1,0
2014-03-03,,,,6.1,0
2014-03-03,,,,6.1,0
2014-02-28,6.69,6.89,6.1,6.1,600
2014-02-28,,,,6.1,0
2014-02-27,,,,6.3,0
2014-02-27,,,,6.3,0
2014-02-26,6.3,6.3,6.3,6.3,100
2014-02-26,,,,6.3,0
2014-02-25,6.89,6.89,6.89,6.89,100
2014-02-25,,,,6.89,0
2014-02-24,,,,7.58,0
2014-02-24,,,,7.58,0
2014-02-21,7.09,7.58,7.09,7.58,2100
2014-02-21,,,,7.58,0
2014-02-20,6.89,6.89,6.89,6.89,200
2014-02-20,,,,6.89,0
2014-02-19,6.39,6.39,6.39,6.4,1100
2014-02-19,,,,6.4,0
2014-02-18,,,,5.9,0
2014-02-18,,,,5.9,0
2014-02-17,5.9,5.9,5.9,5.9,100
2014-02-17,,,,5.9,0
2014-02-14,5.51,5.51,5.51,5.51,100
2014-02-14,,,,5.51,0
2014-02-13,,,,5.02,0
2014-02-13,,,,5.02,0
2014-02-12,5.01,5.01,5.01,5.02,100
2014-02-12,,,,5.02,0
2014-02-11,5.21,5.21,5.21,5.21,100
2014-02-11,,,,5.21,0
2014-02-10,5.51,5.51,5.51,5.51,100
2014-02-10,,,,5.51,0
2014-02-07,5.9,6.0,5.9,6.0,700
2014-02-07,,,,6.0,0
2014-02-06,,,,5.51,0
2014-02-06,,,,5.51,0
2014-01-27,5.61,5.61,5.51,5.51,1400
2014-01-27,,,,5.51,0
2014-01-24,,,,6.0,0
2014-01-24,,,,6.0,0
2014-01-23,,,,6.0,0
2014-01-23,,,,6.0,0
2014-01-22,6.0,6.0,6.0,6.0,100
2014-01-22,,,,6.0,0
2014-01-21,6.59,6.59,6.59,6.59,200
2014-01-21,,,,6.59,0
2014-01-20,6.2,6.2,6.2,6.2,400
2014-01-20,,,,6.2,0
2014-01-17,6.89,6.89,6.89,6.89,300
2014-01-17,,,,6.89,0
2014-01-16,,,,7.58,0
2014-01-16,,,,7.58,0
2014-01-15,,,,7.58,0
2014-01-15,,,,7.58,0
2014-01-14,,,,7.58,0
2014-01-14,,,,7.58,0
2014-01-13,7.57,7.57,7.57,7.58,100
2014-01-13,,,,7.58,0
2014-01-10,,,,8.36,0
2014-01-10,,,,8.36,0
2014-01-09,,,,8.36,0
2014-01-09,,,,8.36,0
2014-01-08,,,,8.36,0
2014-01-08,,,,8.36,0
2014-01-07,,,,8.36,0
2014-01-07,,,,8.36,0
2014-01-06,,,,8.36,0
2014-01-06,,,,8.36,0
2014-01-03,,,,8.36,0
2014-01-03,,,,8.36,0
2014-01-02,,,,8.36,0
2014-01-02,,,,8.36,0
2013-12-31,8.36,8.36,8.36,8.36,100
2013-12-31,,,,8.36,0
2013-12-30,,,,7.67,0
2013-12-30,,,,7.67,0
2013-12-27,7.68,7.68,7.68,7.67,100
2013-12-27,,,,7.67,0
2013-12-26,6.99,6.99,6.99,6.99,100
2013-12-26,,,,6.99,0
2013-12-25,6.39,6.39,6.39,6.4,100
2013-12-25,,,,6.4,0
2013-12-24,,,,5.9,0
2013-12-24,,,,5.9,0
2013-12-23,,,,5.9,0
2013-12-23,,,,5.9,0
2013-12-20,5.91,5.91,5.91,5.9,300
2013-12-20,,,,5.9,0
2013-12-19,,,,6.4,0
2013-12-19,,,,6.4,0
2013-12-18,,,,6.4,0
2013-12-18,,,,6.4,0
2013-12-17,,,,6.4,0
2013-12-17,,,,6.4,0
2013-12-16,,,,6.4,0
2013-12-16,,,,6.4,0
2013-12-13,,,,6.4,0
2013-12-13,,,,6.4,0
2013-12-12,,,,6.4,0
2013-12-12,,,,6.4,0
2013-12-11,,,,6.4,0
2013-12-11,,,,6.4,0
2013-12-10,6.39,6.39,6.39,6.4,800
2013-12-10,,,,6.4,0
2013-12-09,5.9,5.9,5.9,5.9,100
2013-12-09,,,,5.9,0
2013-12-06,,,,6.49,0
2013-12-06,,,,6.49,0
2013-12-05,,,,6.49,0
2013-12-05,,,,6.49,0
2013-12-04,,,,6.49,0
2013-12-04,,,,6.49,0
2013-12-03,,,,6.49,0
2013-12-03,,,,6.49,0
2013-12-02,,,,6.49,0
2013-12-02,,,,6.49,0
2013-11-29,,,,6.49,0
2013-11-29,,,,6.49,0
2013-11-28,,,,6.49,0
2013-11-28,,,,6.49,0
2013-11-27,,,,6.49,0
2013-11-27,,,,6.49,0
2013-11-26,,,,6.49,0
2013-11-26,,,,6.49,0
2013-11-25,6.49,6.49,6.49,6.49,1000
2013-11-25,,,,6.49,0
2013-11-22,,,,5.9,0
2013-11-22,,,,5.9,0
2013-11-21,,,,5.9,0
2013-11-21,,,,5.9,0
2013-11-20,,,,5.9,0
2013-11-20,,,,5.9,0
2013-11-19,5.9,5.9,5.9,5.9,3600
2013-11-19,,,,5.9,0
2013-11-18,5.91,5.91,5.91,5.9,900
2013-11-18,,,,5.9,0
2013-11-15,,,,6.4,0
2013-11-15,,,,6.4,0
2013-11-14,6.4,6.4,6.4,6.4,10
2013-11-14,,,,6.4,0
2013-11-13,6.4,6.4,6.4,6.4,2000
2013-11-13,,,,6.4,0
2013-11-12,6.4,6.4,6.4,6.4,100
2013-11-12,,,,6.4,0
2013-11-11,,,,6.4,0
2013-11-11,,,,6.4,0
2013-11-08,,,,6.4,0
2013-11-08,,,,6.4,0
2013-11-07,,,,6.4,0
2013-11-07,,,,6.4,0
2013-11-06,6.4,6.4,6.4,6.4,600
2013-11-06,,,,6.4,0
2013-11-05,6.3,6.3,6.3,6.3,100
2013-11-05,,,,6.3,0
2013-11-04,6.1,6.1,6.1,6.1,90
2013-11-04,,,,6.1,0
2013-11-01,,,,6.1,0
2013-11-01,,,,6.1,0
2013-10-31,,,,6.1,0
2013-10-31,,,,6.1,0
2013-10-30,,,,6.1,0
2013-10-30,,,,6.1,0
2013-10-29,6.1,6.1,6.1,6.1,1000
2013-10-29,,,,6.1,0
2013-10-28,6.1,6.1,6.1,6.1,1800
2013-10-28,,,,6.1,0
2013-10-25,6.69,6.69,6.69,6.69,100
2013-10-25,,,,6.69,0
2013-10-24,,,,7.38,0
2013-10-24,,,,7.38,0
2013-10-23,,,,7.38,0
2013-10-23,,,,7.38,0
2013-10-22,,,,7.38,0
2013-10-22,,,,7.38,0
2013-10-21,,,,7.38,0
2013-10-21,,,,7.38,0
2013-10-18,,,,7.38,0
2013-10-18,,,,7.38,0
2013-10-17,,,,7.38,0
2013-10-17,,,,7.38,0
2013-10-16,,,,7.38,0
2013-10-16,,,,7.38,0
2013-10-15,,,,7.38,0
2013-10-15,,,,7.38,0
2013-10-14,,,,7.38,0
2013-10-14,,,,7.38,0
2013-10-11,,,,7.38,0
2013-10-11,,,,7.38,0
2013-10-10,,,,7.38,0
2013-10-10,,,,7.38,0
2013-10-09,7.38,7.38,7.38,7.38,100
2013-10-09,,,,7.38,0
2013-10-08,,,,6.79,0
2013-10-08,,,,6.79,0
2013-10-07,,,,6.79,0
2013-10-07,,,,6.79,0
2013-10-04,,,,6.79,0
2013-10-04,,,,6.79,0
2013-10-03,,,,6.79,0
2013-10-03,,,,6.79,0
2013-10-02,,,,6.79,0
2013-10-02,,,,6.79,0
2013-10-01,,,,6.79,0
2013-10-01,,,,6.79,0
2013-09-30,,,,6.79,0
2013-09-30,,,,6.79,0
2013-09-27,,,,6.79,0
2013-09-27,,,,6.79,0
2013-09-26,,,,6.79,0
2013-09-26,,,,6.79,0
2013-09-25,,,,6.79,0
2013-09-25,,,,6.79,0
2013-09-24,,,,6.79,0
2013-09-24,,,,6.79,0
2013-09-23,,,,6.79,0
2013-09-23,,,,6.79,0
2013-09-20,,,,6.79,0
2013-09-20,,,,6.79,0
2013-09-19,,,,6.79,0
2013-09-19,,,,6.79,0
2013-09-18,6.79,6.79,6.79,6.79,100
2013-09-18,,,,6.79,0
2013-09-17,,,,6.4,0
2013-09-17,,,,6.4,0
2013-09-16,,,,6.4,0
2013-09-16,,,,6.4,0
2013-09-13,,,,6.4,0
2013-09-13,,,,6.4,0
2013-09-12,,,,6.4,0
2013-09-12,,,,6.4,0
2013-09-11,,,,6.4,0
2013-09-11,,,,6.4,0
2013-09-10,,,,6.4,0
2013-09-10,,,,6.4,0
2013-09-09,,,,6.4,0
2013-09-09,,,,6.4,0
2013-09-06,,,,6.4,0
2013-09-06,,,,6.4,0
2013-09-05,,,,6.4,0
2013-09-05,,,,6.4,0
2013-09-04,,,,6.4,0
2013-09-04,,,,6.4,0
2013-09-03,,,,6.4,0
2013-09-03,,,,6.4,0
2013-08-30,,,,6.4,0
2013-08-30,,,,6.4,0
2013-08-29,,,,6.4,0
2013-08-29,,,,6.4,0
2013-08-28,,,,6.4,0
2013-08-28,,,,6.4,0
2013-08-27,,,,6.4,0
2013-08-27,,,,6.4,0
2013-08-26,,,,6.4,0
2013-08-26,,,,6.4,0
2013-08-23,6.4,6.4,6.4,6.4,700
2013-08-23,,,,6.4,0
2013-08-22,,,,6.4,0
2013-08-22,,,,6.4,0
2013-08-21,,,,6.4,0
2013-08-21,,,,6.4,0
2013-08-20,6.4,6.4,6.4,6.4,600
2013-08-20,,,,6.4,0
2013-08-19,6.99,6.99,6.99,6.99,100
2013-08-19,,,,6.99,0
2013-08-16,6.4,6.4,6.4,6.4,200
2013-08-16,,,,6.4,0
2013-08-15,,,,6.3,0
2013-08-15,,,,6.3,0
2013-08-14,,,,6.3,0
2013-08-14,,,,6.3,0
2013-08-13,,,,6.3,0
2013-08-13,,,,6.3,0
2013-08-12,,,,6.3,0
2013-08-12,,,,6.3,0
2013-08-09,,,,6.3,0
2013-08-09,,,,6.3,0
2013-08-08,,,,6.3,0
2013-08-08,,,,6.3,0
2013-08-07,,,,6.3,0
2013-08-07,,,,6.3,0
2013-08-06,,,,6.3,0
2013-08-06,,,,6.3,0
2013-08-05,,,,6.3,0
2013-08-05,,,,6.3,0
2013-08-02,,,,6.3,0
2013-08-02,,,,6.3,0
2013-08-01,,,,6.3,0
2013-08-01,,,,6.3,0
2013-07-31,,,,6.3,0
2013-07-31,,,,6.3,0
2013-07-30,,,,6.3,0
2013-07-30,,,,6.3,0
2013-07-29,,,,6.3,0
2013-07-29,,,,6.3,0
2013-07-26,,,,6.3,0
2013-07-26,,,,6.3,0
2013-07-25,6.3,6.3,6.3,6.3,100
2013-07-25,,,,6.3,0
2013-07-24,6.79,6.79,6.79,6.79,100
2013-07-24,,,,6.79,0
2013-07-23,,,,6.2,0
2013-07-23,,,,6.2,0
2013-07-22,,,,6.2,0
2013-07-22,,,,6.2,0
2013-07-19,6.2,6.2,6.2,6.2,500
2013-07-19,,,,6.2,0
2013-07-18,,,,6.2,0
2013-07-18,,,,6.2,0
2013-07-17,,,,6.2,0
2013-07-17,,,,6.2,0
2013-07-16,6.2,6.2,6.2,6.2,1000
2013-07-16,,,,6.2,0
2013-07-15,,,,6.69,0
2013-07-15,,,,6.69,0
2013-07-12,,,,6.69,0
2013-07-12,,,,6.69,0
2013-07-11,,,,6.69,0
2013-07-11,,,,6.69,0
2013-07-10,,,,6.69,0
2013-07-10,,,,6.69,0
2013-07-09,,,,6.69,0
2013-07-09,,,,6.69,0
2013-07-08,,,,6.69,0
2013-07-08,,,,6.69,0
2013-07-05,,,,6.69,0
2013-07-05,,,,6.69,0
2013-07-04,,,,6.69,0
2013-07-04,,,,6.69,0
2013-07-03,,,,6.69,0
2013-07-03,,,,6.69,0
2013-07-02,7.28,7.28,6.69,6.69,1800
2013-07-02,,,,6.69,0
2013-07-01,,,,7.08,0
2013-07-01,,,,7.08,0
2013-06-28,7.18,7.18,7.08,7.08,3000
2013-06-28,,,,7.08,0
2013-06-27,,,,7.87,0
2013-06-27,,,,7.87,0
2013-06-26,,,,7.87,0
2013-06-26,,,,7.87,0
2013-06-25,,,,7.87,0
2013-06-25,,,,7.87,0
2013-06-24,,,,7.87,0
2013-06-24,,,,7.87,0
2013-06-21,,,,7.87,0
2013-06-21,,,,7.87,0
2013-06-20,,,,7.87,0
2013-06-20,,,,7.87,0
2013-06-19,,,,7.87,0
2013-06-19,,,,7.87,0
2013-06-18,,,,7.87,0
2013-06-18,,,,7.87,0
2013-06-17,7.87,7.87,7.87,7.87,300
2013-06-17,,,,7.87,0
2013-06-14,,,,8.66,0
2013-06-14,,,,8.66,0
2013-06-13,,,,8.66,0
2013-06-13,,,,8.66,0
2013-06-12,,,,8.66,0
2013-06-12,,,,8.66,0
2013-06-11,,,,8.66,0
2013-06-11,,,,8.66,0
2013-06-10,,,,8.66,0
2013-06-10,,,,8.66,0
2013-06-07,,,,8.66,0
2013-06-07,,,,8.66,0
2013-06-06,8.66,8.66,8.66,8.66,100
2013-06-06,,,,8.66,0
2013-06-05,7.87,7.87,7.87,7.87,1000
2013-06-05,,,,7.87,0
2013-06-04,,,,8.17,0
2013-06-04,,,,8.17,0
2013-06-03,,,,8.17,0
2013-06-03,,,,8.17,0
2013-05-31,,,,8.17,0
2013-05-31,,,,8.17,0
2013-05-30,,,,8.17,0
2013-05-30,,,,8.17,0
2013-05-29,8.17,8.17,8.17,8.17,100
2013-05-29,,,,8.17,0
2013-05-28,7.58,7.58,7.58,7.58,100
2013-05-28,,,,7.58,0
2013-05-27,,,,6.89,0
2013-05-27,,,,6.89,0
2013-05-24,6.89,6.89,6.89,6.89,1000
2013-05-24,,,,6.89,0
2013-05-23,,,,7.28,0
2013-05-23,,,,7.28,0
2013-05-22,,,,7.28,0
2013-05-22,,,,7.28,0
2013-05-21,,,,7.28,0
2013-05-21,,,,7.28,0
2013-05-20,,,,7.28,0
2013-05-20,,,,7.28,0
2013-05-17,7.28,7.28,7.28,7.28,800
2013-05-17,,,,7.28,0
2013-05-16,,,,7.67,0
2013-05-16,,,,7.67,0
2013-05-15,,,,7.67,0
2013-05-15,,,,7.67,0
2013-05-14,7.67,7.67,7.67,7.67,400
2013-05-14,,,,7.67,0
2013-05-13,,,,7.87,0
2013-05-13,,,,7.87,0
2013-05-10,,,,7.87,0
2013-05-10,,,,7.87,0
2013-05-09,,,,7.87,0
2013-05-09,,,,7.87,0
2013-05-08,,,,7.87,0
2013-05-08,,,,7.87,0
2013-05-07,,,,7.87,0
2013-05-07,,,,7.87,0
2013-05-06,,,,7.87,0
2013-05-06,,,,7.87,0
2013-05-03,,,,7.87,0
2013-05-03,,,,7.87,0
2013-05-02,,,,7.87,0
2013-05-02,,,,7.87,0
2013-04-26,,,,7.87,0
2013-04-26,,,,7.87,0
2013-04-25,,,,7.87,0
2013-04-25,,,,7.87,0
2013-04-24,,,,7.87,0
2013-04-24,,,,7.87,0
2013-04-23,,,,7.87,0
2013-04-23,,,,7.87,0
2013-04-22,,,,7.87,0
2013-04-22,,,,7.87,0
2013-04-18,7.87,7.87,7.87,7.87,100
2013-04-18,,,,7.87,0
2013-04-17,,,,8.66,0
2013-04-17,,,,8.66,0
2013-04-16,,,,8.66,0
2013-04-16,,,,8.66,0
2013-04-15,,,,8.66,0
2013-04-15,,,,8.66,0
2013-04-12,,,,8.66,0
2013-04-12,,,,8.66,0
2013-04-11,8.56,8.66,8.56,8.66,10000
2013-04-11,,,,8.66,0
2013-04-10,,,,9.05,0
2013-04-10,,,,9.05,0
2013-04-09,8.86,9.05,8.86,9.05,2000
2013-04-09,,,,9.05,0
2013-04-08,8.17,8.66,8.17,8.66,4100
2013-04-08,,,,8.66,0
2013-04-05,,,,8.66,0
2013-04-05,,,,8.66,0
2013-04-04,,,,8.66,0
2013-04-04,,,,8.66,0
2013-04-03,8.66,8.66,8.66,8.66,100
2013-04-03,,,,8.66,0
2013-04-02,,,,7.87,0
2013-04-02,,,,7.87,0
2013-04-01,,,,7.87,0
2013-04-01,,,,7.87,0
2013-03-29,7.87,7.87,7.87,7.87,2500
2013-03-29,,,,7.87,0
2013-03-28,,,,8.46,0
2013-03-28,,,,8.46,0
2013-03-27,,,,8.46,0
2013-03-27,,,,8.46,0
2013-03-26,8.46,8.46,8.46,8.46,100
2013-03-26,,,,8.46,0
2013-03-25,,,,7.87,0
2013-03-25,,,,7.87,0
2013-03-22,,,,7.87,0
2013-03-22,,,,7.87,0
2013-03-21,8.62,8.62,7.87,7.87,4000
2013-03-21,,,,7.87,0
2013-03-20,,,,7.87,0
2013-03-20,,,,7.87,0
2013-03-19,7.5,7.88,7.5,7.87,2000
2013-03-19,,,,7.87,0
2013-03-18,,,,7.22,0
2013-03-18,,,,7.22,0
2013-03-15,7.22,7.22,7.22,7.22,200
2013-03-15,,,,7.22,0
2013-03-14,6.47,7.03,6.47,7.03,1200
2013-03-14,,,,7.03,0
2013-03-13,6.84,6.84,6.47,6.47,500
2013-03-13,,,,6.47,0
2013-03-12,7.12,7.12,6.84,6.84,900
2013-03-12,,,,6.84,0
2013-03-11,6.93,7.49,6.93,7.5,2800
2013-03-11,,,,7.5,0
2013-03-08,,,,7.68,0
2013-03-08,,,,7.68,0
2013-03-07,,,,7.68,0
2013-03-07,,,,7.68,0
2013-03-06,,,,7.68,0
2013-03-06,,,,7.68,0
2013-03-05,7.49,7.68,7.49,7.68,8300
2013-03-05,,,,7.68,0
2013-03-04,7.4,7.4,7.4,7.4,500
2013-03-04,,,,7.4,0
2013-03-01,7.69,7.69,7.69,7.68,9200
2013-03-01,,,,7.68,0
2013-02-28,7.5,7.5,7.5,7.5,400
2013-02-28,,,,7.5,0
2013-02-27,7.68,7.87,6.93,7.5,18000
2013-02-27,,,,7.5,0
2013-02-26,7.77,8.15,7.68,7.68,9400
2013-02-26,,,,7.68,0
2013-02-25,7.69,7.69,7.69,7.68,100
2013-02-25,,,,7.68,0
2013-02-22,7.78,8.25,7.78,8.25,600
2013-02-22,,,,8.25,0
2013-02-21,8.24,8.24,8.24,8.25,100
2013-02-21,,,,8.25,0
2013-02-20,8.8,8.9,8.8,8.9,1300
2013-02-20,,,,8.9,0
2013-02-19,8.71,8.71,8.71,8.71,200
2013-02-19,,,,8.71,0
2013-02-18,7.31,8.53,7.31,8.43,6200
2013-02-18,,,,8.43,0
2013-02-08,,,,8.06,0
2013-02-08,,,,8.06,0
2013-02-07,8.06,8.06,8.06,8.06,100
2013-02-07,,,,8.06,0
2013-02-06,,,,7.4,0
2013-02-06,,,,7.4,0
2013-02-05,7.96,7.96,7.4,7.4,600
2013-02-05,,,,7.4,0
2013-02-04,7.96,7.96,7.96,7.96,500
2013-02-04,,,,7.96,0
2013-02-01,8.62,8.62,7.69,7.68,2400
2013-02-01,,,,7.68,0
2013-01-31,7.78,8.81,7.78,7.78,400
2013-01-31,,,,7.78,0
2013-01-30,7.78,8.62,7.78,8.62,300
2013-01-30,,,,8.62,0
2013-01-29,8.25,8.25,8.25,8.25,300
2013-01-29,,,,8.25,0
2013-01-28,9.09,9.09,9.09,9.09,100
2013-01-28,,,,9.09,0
2013-01-25,8.34,8.34,8.34,8.34,200
2013-01-25,,,,8.34,0
2013-01-24,7.5,7.87,7.5,7.87,1900
2013-01-24,,,,7.87,0
2013-01-23,8.43,8.43,8.06,8.06,1500
2013-01-23,,,,8.06,0
2013-01-22,8.9,8.9,8.9,8.9,100
2013-01-22,,,,8.9,0
2013-01-21,7.68,8.34,7.68,8.34,900
2013-01-21,,,,8.34,0
2013-01-18,,,,7.59,0
2013-01-18,,,,7.59,0
2013-01-17,7.59,7.59,7.59,7.59,100
2013-01-17,,,,7.59,0
2013-01-16,8.25,8.91,7.97,7.96,10300
2013-01-16,,,,7.96,0
2013-01-15,8.24,8.24,8.24,8.25,100
2013-01-15,,,,8.25,0
2013-01-14,9.84,9.84,8.72,8.71,1100
2013-01-14,,,,8.71,0
2013-01-11,9.18,9.27,9.18,9.28,3500
2013-01-11,,,,9.28,0
2013-01-10,8.24,8.8,7.96,7.96,28000
2013-01-10,,,,7.96,0
2013-01-09,7.96,8.43,7.96,7.96,600
2013-01-09,,,,7.96,0
2013-01-08,8.24,8.62,7.77,8.62,3100
2013-01-08,,,,8.62,0
2013-01-07,7.96,8.34,7.68,7.68,1100
2013-01-07,,,,7.68,0
2013-01-04,7.78,8.53,7.78,7.87,2400
2013-01-04,,,,7.87,0
2013-01-03,,,,8.25,0
2013-01-03,,,,8.25,0
2013-01-02,8.25,8.25,8.25,8.25,5100
2013-01-02,,,,8.25,0
2012-12-28,7.31,7.78,7.03,7.78,77400
2012-12-28,,,,7.78,0
2012-12-27,7.31,7.31,7.31,7.31,500
2012-12-27,,,,7.31,0
2012-12-26,,,,7.78,0
2012-12-26,,,,7.78,0
2012-12-25,,,,7.78,0
2012-12-25,,,,7.78,0
2012-12-24,,,,7.78,0
2012-12-24,,,,7.78,0
2012-12-21,7.78,7.78,7.78,7.78,500
2012-12-21,,,,7.78,0
2012-12-20,,,,8.25,0
2012-12-20,,,,8.25,0
2012-12-19,8.25,8.25,8.25,8.25,200
2012-12-19,,,,8.25,0
2012-12-18,,,,7.78,0
2012-12-18,,,,7.78,0
2012-12-17,7.59,8.71,7.59,7.78,12500
2012-12-17,,,,7.78,0
2012-12-14,8.15,8.15,8.15,8.15,1100
2012-12-14,,,,8.15,0
2012-12-13,7.69,7.69,7.69,7.68,100
2012-12-13,,,,7.68,0
2012-12-12,7.22,7.22,6.28,7.22,2200
2012-12-12,,,,7.22,0
2012-12-11,6.74,6.74,6.74,6.75,100
2012-12-11,,,,6.75,0
2012-12-10,,,,6.37,0
2012-12-10,,,,6.37,0
2012-12-07,,,,6.37,0
2012-12-07,,,,6.37,0
2012-12-06,,,,6.37,0
2012-12-06,,,,6.37,0
2012-12-05,7.22,7.22,6.38,6.37,400
2012-12-05,,,,6.37,0
2012-12-04,6.88,6.88,6.8,6.8,2500
2012-12-04,,,,6.8,0
2012-12-03,7.31,7.39,7.31,7.31,16400
2012-12-03,,,,7.31,0
2012-11-30,6.97,7.81,6.88,7.82,1800
2012-11-30,,,,7.82,0
2012-11-29,7.65,7.65,7.39,7.39,1000
2012-11-29,,,,7.39,0
2012-11-28,7.9,7.9,7.9,7.9,3200
2012-11-28,,,,7.9,0
2012-11-27,,,,7.39,0
2012-11-27,,,,7.39,0
2012-11-26,7.39,7.39,7.39,7.39,500
2012-11-26,,,,7.39,0
2012-11-23,,,,7.82,0
2012-11-23,,,,7.82,0
2012-11-22,7.05,7.82,7.05,7.82,1700
2012-11-22,,,,7.82,0
2012-11-21,,,,7.31,0
2012-11-21,,,,7.31,0
2012-11-20,7.31,7.31,7.31,7.31,1200
2012-11-20,,,,7.31,0
2012-11-19,7.05,7.64,6.8,7.65,5600
2012-11-19,,,,7.65,0
2012-11-16,7.22,7.22,7.22,7.22,200
2012-11-16,,,,7.22,0
2012-11-15,7.56,7.56,7.56,7.56,500
2012-11-15,,,,7.56,0
2012-11-14,8.15,8.41,8.07,8.07,4000
2012-11-14,,,,8.07,0
2012-11-13,8.07,8.07,8.07,8.07,200
2012-11-13,,,,8.07,0
2012-11-12,8.5,8.5,8.5,8.5,300
2012-11-12,,,,8.5,0
2012-11-09,8.66,8.75,8.66,8.75,500
2012-11-09,,,,8.75,0
2012-11-08,8.07,8.92,8.07,8.24,1300
2012-11-08,,,,8.24,0
2012-11-07,8.41,8.41,8.41,8.41,900
2012-11-07,,,,8.41,0
2012-11-06,8.33,8.33,7.91,7.9,2200
2012-11-06,,,,7.9,0
2012-11-05,,,,7.82,0
2012-11-05,,,,7.82,0
2012-11-02,7.65,8.67,7.65,7.82,5000
2012-11-02,,,,7.82,0
2012-11-01,7.31,8.16,7.31,8.16,700
2012-11-01,,,,8.16,0
2012-10-31,6.97,7.64,6.97,7.65,200
2012-10-31,,,,7.65,0
2012-10-30,,,,7.39,0
2012-10-30,,,,7.39,0
2012-10-29,7.39,7.39,7.39,7.39,100
2012-10-29,,,,7.39,0
2012-10-26,7.99,7.99,6.97,6.97,6100
2012-10-26,,,,6.97,0
2012-10-25,,,,7.48,0
2012-10-25,,,,7.48,0
2012-10-24,,,,7.48,0
2012-10-24,,,,7.48,0
2012-10-23,7.48,7.48,7.48,7.48,100
2012-10-23,,,,7.48,0
2012-10-22,7.65,7.82,7.65,7.82,300
2012-10-22,,,,7.82,0
2012-10-19,7.65,7.99,7.65,7.99,500
2012-10-19,,,,7.99,0
2012-10-18,7.82,7.99,7.82,7.99,700
2012-10-18,,,,7.99,0
2012-10-17,,,,8.24,0
2012-10-17,,,,8.24,0
2012-10-16,8.24,8.24,8.24,8.24,1000
2012-10-16,,,,8.24,0
2012-10-15,8.76,9.61,8.76,8.75,8600
2012-10-15,,,,8.75,0
2012-10-12,9.35,9.35,9.35,9.35,100
2012-10-12,,,,9.35,0
2012-10-11,9.43,10.36,9.43,10.03,4400
2012-10-11,,,,10.03,0
2012-10-10,8.93,10.12,8.93,10.11,16500
2012-10-10,,,,10.11,0
2012-10-09,8.33,9.51,8.33,9.52,1200
2012-10-09,,,,9.52,0
2012-10-08,7.9,8.92,7.9,8.92,6900
2012-10-08,,,,8.92,0
2012-10-05,7.56,8.41,7.56,8.41,2100
2012-10-05,,,,8.41,0
2012-10-04,,,,7.9,0
2012-10-04,,,,7.9,0
2012-10-03,7.73,8.58,7.73,7.9,700
2012-10-03,,,,7.9,0
2012-10-02,7.91,8.93,7.91,8.07,3300
2012-10-02,,,,8.07,0
2012-10-01,8.49,8.49,8.49,8.5,100
2012-10-01,,,,8.5,0
2012-09-28,7.99,8.41,7.99,8.41,300
2012-09-28,,,,8.41,0
2012-09-27,8.24,8.59,8.16,8.41,2700
2012-09-27,,,,8.41,0
2012-09-26,8.07,8.32,8.07,8.33,5000
2012-09-26,,,,8.33,0
2012-09-25,8.33,8.59,7.82,8.07,1900
2012-09-25,,,,8.07,0
2012-09-24,8.33,8.33,8.33,8.33,100
2012-09-24,,,,8.33,0
2012-09-21,8.59,8.76,8.24,8.75,800
2012-09-21,,,,8.75,0
2012-09-20,8.84,8.84,8.84,8.84,1000
2012-09-20,,,,8.84,0
2012-09-19,8.84,8.84,8.84,8.84,1700
2012-09-19,,,,8.84,0
2012-09-18,8.84,8.84,8.84,8.84,2900
2012-09-18,,,,8.84,0
2012-09-17,9.09,9.09,8.5,8.5,12000
2012-09-17,,,,8.5,0
2012-09-14,9.09,9.09,8.67,9.09,8700
2012-09-14,,,,9.09,0
2012-09-13,8.5,9.09,8.5,9.09,10100
2012-09-13,,,,9.09,0
2012-09-12,,,,9.43,0
2012-09-12,,,,9.43,0
2012-09-11,,,,9.43,0
2012-09-11,,,,9.43,0
2012-09-10,9.26,9.43,8.33,9.43,3400
2012-09-10,,,,9.43,0
2012-09-07,8.07,8.92,8.07,8.92,300
2012-09-07,,,,8.92,0
2012-09-06,8.5,8.5,8.41,8.41,300
2012-09-06,,,,8.41,0
2012-09-05,8.93,8.93,8.93,8.92,100
2012-09-05,,,,8.92,0
2012-09-04,9.52,9.52,9.52,9.52,200
2012-09-04,,,,9.52,0
2012-08-31,9.52,9.52,9.52,9.52,1500
2012-08-31,,,,9.52,0
2012-08-30,9.77,10.2,9.6,10.2,3400
2012-08-30,,,,10.2,0
2012-08-29,9.52,10.62,9.52,10.62,300
2012-08-29,,,,10.62,0
2012-08-28,9.01,10.12,9.01,10.11,1000
2012-08-28,,,,10.11,0
2012-08-27,10.54,10.54,9.52,9.52,3600
2012-08-27,,,,9.52,0
2012-08-24,10.2,10.79,10.2,10.2,2400
2012-08-24,,,,10.2,0
2012-08-23,11.13,11.13,10.45,10.96,51300
2012-08-23,,,,10.96,0
2012-08-22,10.45,10.45,10.45,10.45,800
2012-08-22,,,,10.45,0
2012-08-21,9.78,9.78,9.78,9.77,3100
2012-08-21,,,,9.77,0
2012-08-20,9.17,9.17,9.17,9.18,100
2012-08-20,,,,9.18,0
2012-08-17,8.59,8.59,8.59,8.58,45800
2012-08-17,,,,8.58,0
2012-08-16,8.16,8.16,8.16,8.16,100
2012-08-16,,,,8.16,0
2012-08-15,,,,8.75,0
2012-08-15,,,,8.75,0
2012-08-14,,,,8.75,0
2012-08-14,,,,8.75,0
2012-08-13,,,,8.75,0
2012-08-13,,,,8.75,0
2012-08-10,8.75,8.75,8.75,8.75,200
2012-08-10,,,,8.75,0
2012-08-09,8.67,9.34,8.67,8.92,3100
2012-08-09,,,,8.92,0
2012-08-08,8.75,8.75,8.75,8.75,100
2012-08-08,,,,8.75,0
2012-08-07,9.17,9.34,8.92,8.92,900
2012-08-07,,,,8.92,0
2012-08-06,8.67,8.75,8.67,8.75,1100
2012-08-06,,,,8.75,0
2012-08-03,9.09,9.09,9.09,9.09,100
2012-08-03,,,,9.09,0
2012-08-02,8.59,8.59,8.59,8.58,100
2012-08-02,,,,8.58,0
2012-08-01,8.84,8.84,8.84,8.84,1000
2012-08-01,,,,8.84,0
2012-07-31,,,,8.33,0
2012-07-31,,,,8.33,0
2012-07-30,8.33,8.33,8.33,8.33,100
2012-07-30,,,,8.33,0
2012-07-27,8.84,8.84,8.84,8.84,100
2012-07-27,,,,8.84,0
2012-07-26,9.26,9.26,9.26,9.26,100
2012-07-26,,,,9.26,0
2012-07-25,,,,9.6,0
2012-07-25,,,,9.6,0
2012-07-24,9.35,9.61,9.35,9.6,800
2012-07-24,,,,9.6,0
2012-07-23,9.01,9.01,9.01,9.01,100
2012-07-23,,,,9.01,0
2012-07-20,9.43,9.52,9.43,9.43,3100
2012-07-20,,,,9.43,0
2012-07-19,8.84,9.95,8.84,9.94,1000
2012-07-19,,,,9.94,0
2012-07-18,,,,9.35,0
2012-07-18,,,,9.35,0
2012-07-17,9.01,9.35,9.01,9.35,200
2012-07-17,,,,9.35,0
2012-07-16,8.75,9.6,8.75,9.6,200
2012-07-16,,,,9.6,0
2012-07-13,8.16,9.27,8.16,9.26,600
2012-07-13,,,,9.26,0
2012-07-12,9.34,9.34,8.67,8.67,1300
2012-07-12,,,,8.67,0
2012-07-11,,,,9.26,0
2012-07-11,,,,9.26,0
2012-07-10,9.35,9.35,9.26,9.26,200
2012-07-10,,,,9.26,0
2012-07-09,9.1,9.95,9.1,9.94,1700
2012-07-09,,,,9.94,0
2012-07-06,9.69,9.69,9.69,9.69,100
2012-07-06,,,,9.69,0
2012-07-05,9.69,10.8,9.69,9.77,400
2012-07-05,,,,9.77,0
2012-07-04,9.35,10.37,9.35,10.37,300
2012-07-04,,,,10.37,0
2012-07-03,9.01,10.02,9.01,10.03,600
2012-07-03,,,,10.03,0
2012-07-02,9.6,9.6,9.6,9.6,100
2012-07-02,,,,9.6,0
2012-06-29,9.94,11.21,9.94,9.94,1100
2012-06-29,,,,9.94,0
2012-06-28,9.52,10.62,9.52,10.62,1000
2012-06-28,,,,10.62,0
2012-06-27,10.19,10.19,10.19,10.2,100
2012-06-27,,,,10.2,0
2012-06-26,9.77,10.7,9.77,10.7,600
2012-06-26,,,,10.7,0
2012-06-25,10.45,10.45,10.45,10.45,100
2012-06-25,,,,10.45,0
2012-06-22,11.21,11.55,10.79,10.79,3200
2012-06-22,,,,10.79,0
2012-06-21,10.7,11.38,10.7,11.38,200
2012-06-21,,,,11.38,0
2012-06-20,10.19,11.21,10.19,11.21,300
2012-06-20,,,,11.21,0
2012-06-19,10.71,10.71,10.71,10.7,100
2012-06-19,,,,10.7,0
2012-06-18,10.62,11.46,10.62,11.47,400
2012-06-18,,,,11.47,0
2012-06-15,10.2,11.21,10.2,11.21,200
2012-06-15,,,,11.21,0
2012-06-14,10.62,10.96,10.36,10.96,4600
2012-06-14,,,,10.96,0
2012-06-13,11.04,11.04,11.04,11.04,100
2012-06-13,,,,11.04,0
2012-06-12,11.55,11.55,11.04,11.04,10900
2012-06-12,,,,11.04,0
2012-06-11,11.38,11.38,11.38,11.38,100
2012-06-11,,,,11.38,0
2012-06-08,10.62,11.89,10.62,11.89,500
2012-06-08,,,,11.89,0
2012-06-07,11.12,11.12,11.12,11.13,100
2012-06-07,,,,11.13,0
2012-06-06,11.55,11.55,11.04,11.04,200
2012-06-06,,,,11.04,0
2012-06-05,11.47,11.47,11.05,11.04,300
2012-06-05,,,,11.04,0
2012-06-04,11.81,11.81,11.81,11.81,100
2012-06-04,,,,11.81,0
2012-06-01,,,,12.66,0
2012-06-01,,,,12.66,0
2012-05-31,,,,12.66,0
2012-05-31,,,,12.66,0
2012-05-30,,,,12.66,0
2012-05-30,,,,12.66,0
2012-05-29,,,,12.66,0
2012-05-29,,,,12.66,0
2012-05-28,12.66,12.66,12.66,12.66,100
2012-05-28,,,,12.66,0
2012-05-25,13.59,13.59,13.59,13.59,500
2012-05-25,,,,13.59,0
2012-05-24,,,,13.76,0
2012-05-24,,,,13.76,0
2012-05-23,,,,13.76,0
2012-05-23,,,,13.76,0
2012-05-22,,,,13.76,0
2012-05-22,,,,13.76,0
2012-05-21,,,,13.76,0
2012-05-21,,,,13.76,0
2012-05-18,,,,13.76,0
2012-05-18,,,,13.76,0
2012-05-17,13.34,13.76,13.34,13.76,300
2012-05-17,,,,13.76,0
2012-05-16,,,,13.34,0
2012-05-16,,,,13.34,0
2012-05-15,13.34,13.34,13.34,13.34,100
2012-05-15,,,,13.34,0
2012-05-14,14.18,14.27,14.18,14.27,1400
2012-05-14,,,,14.27,0
2012-05-11,13.42,13.42,13.42,13.42,3200
2012-05-11,,,,13.42,0
2012-05-10,12.57,12.57,12.57,12.57,100
2012-05-10,,,,12.57,0
2012-05-09,12.41,12.41,12.41,12.4,500
2012-05-09,,,,12.4,0
2012-05-08,,,,13.0,0
2012-05-08,,,,13.0,0
2012-05-07,11.81,13.0,11.81,13.0,2100
2012-05-07,,,,13.0,0
2012-05-04,12.15,12.15,12.15,12.15,100
2012-05-04,,,,12.15,0
2012-05-03,11.98,13.25,11.98,11.98,2400
2012-05-03,,,,11.98,0
2012-05-02,12.4,12.4,12.4,12.4,100
2012-05-02,,,,12.4,0
2012-04-27,13.08,13.08,13.08,13.08,800
2012-04-27,,,,13.08,0
2012-04-26,13.0,13.59,13.0,13.59,200
2012-04-26,,,,13.59,0
2012-04-25,13.17,13.25,13.17,13.25,1800
2012-04-25,,,,13.25,0
2012-04-24,13.85,14.1,13.85,14.1,1600
2012-04-24,,,,14.1,0
2012-04-23,13.68,14.1,13.68,14.1,1600
2012-04-23,,,,14.1,0
2012-04-20,,,,13.76,0
2012-04-20,,,,13.76,0
2012-04-19,13.76,13.76,13.76,13.76,100
2012-04-19,,,,13.76,0
2012-04-18,13.0,13.17,13.0,13.17,1400
2012-04-18,,,,13.17,0
2012-04-17,13.0,13.93,13.0,13.93,1100
2012-04-17,,,,13.93,0
2012-04-16,,,,13.68,0
2012-04-16,,,,13.68,0
2012-04-13,13.68,13.68,13.68,13.68,1000
2012-04-13,,,,13.68,0
2012-04-12,13.0,13.68,12.75,13.68,5500
2012-04-12,,,,13.68,0
2012-04-11,,,,12.83,0
2012-04-11,,,,12.83,0
2012-04-10,12.91,12.91,12.83,12.83,2000
2012-04-10,,,,12.83,0
2012-04-09,13.6,13.6,13.6,13.59,1500
2012-04-09,,,,13.59,0
2012-04-06,14.53,14.53,14.53,14.53,100
2012-04-06,,,,14.53,0
2012-04-05,,,,15.55,0
2012-04-05,,,,15.55,0
2012-04-04,,,,15.55,0
2012-04-04,,,,15.55,0
2012-04-03,15.54,15.54,15.54,15.55,100
2012-04-03,,,,15.55,0
2012-03-30,,,,14.95,0
2012-03-30,,,,14.95,0
2012-03-29,,,,14.95,0
2012-03-29,,,,14.95,0
2012-03-28,,,,14.95,0
2012-03-28,,,,14.95,0
2012-03-27,,,,14.95,0
2012-03-27,,,,14.95,0
2012-03-26,14.02,15.12,14.02,14.95,5900
2012-03-26,,,,14.95,0
2012-03-23,14.19,14.19,14.19,14.19,2100
2012-03-23,,,,14.19,0
2012-03-22,15.21,15.21,15.21,15.21,300
2012-03-22,,,,15.21,0
2012-03-21,16.31,16.31,16.31,16.31,100
2012-03-21,,,,16.31,0
2012-03-20,,,,15.97,0
2012-03-20,,,,15.97,0
2012-03-19,,,,15.97,0
2012-03-19,,,,15.97,0
2012-03-16,16.57,18.18,15.97,15.97,16300
2012-03-16,,,,15.97,0
2012-03-15,,,,16.82,0
2012-03-15,,,,16.82,0
2012-03-14,16.48,17.5,16.48,16.82,2400
2012-03-14,,,,16.82,0
2012-03-13,17.59,17.84,16.4,16.4,13000
2012-03-13,,,,16.4,0
2012-03-12,17.25,17.76,16.06,16.06,22200
2012-03-12,,,,16.06,0
2012-03-09,16.82,17.25,16.82,17.25,10400
2012-03-09,,,,17.25,0
2012-03-08,15.72,16.9,14.7,15.72,16200
2012-03-08,,,,15.72,0
2012-03-07,15.81,15.81,15.81,15.8,1000
2012-03-07,,,,15.8,0
2012-03-06,15.97,16.91,15.97,16.91,5700
2012-03-06,,,,16.91,0
2012-03-05,15.89,16.14,15.89,15.89,5000
2012-03-05,,,,15.89,0
2012-03-02,15.88,15.88,15.88,15.89,100
2012-03-02,,,,15.89,0
2012-03-01,14.44,14.86,14.44,14.44,12600
2012-03-01,,,,14.44,0
2012-02-29,13.67,14.1,13.67,14.1,10300
2012-02-29,,,,14.1,0
2012-02-28,14.78,14.78,13.09,13.08,4600
2012-02-28,,,,13.08,0
2012-02-27,14.18,14.18,14.01,14.02,16200
2012-02-27,,,,14.02,0
2012-02-24,13.17,13.68,13.0,13.59,12600
2012-02-24,,,,13.59,0
2012-02-23,,,,12.83,0
2012-02-23,,,,12.83,0
2012-02-22,,,,12.83,0
2012-02-22,,,,12.83,0
2012-02-21,12.83,12.83,12.83,12.83,300
2012-02-21,,,,12.83,0
2012-02-20,13.76,13.76,13.76,13.76,100
2012-02-20,,,,13.76,0
2012-02-17,,,,13.0,0
2012-02-17,,,,13.0,0
2012-02-16,,,,13.0,0
2012-02-16,,,,13.0,0
2012-02-15,,,,13.0,0
2012-02-15,,,,13.0,0
2012-02-14,,,,13.0,0
2012-02-14,,,,13.0,0
2012-02-13,,,,13.0,0
2012-02-13,,,,13.0,0
2012-02-10,,,,13.0,0
2012-02-10,,,,13.0,0
2012-02-09,13.0,13.0,13.0,13.0,300
2012-02-09,,,,13.0,0
2012-02-08,12.99,12.99,12.99,13.0,100
2012-02-08,,,,13.0,0
2012-02-07,12.57,12.57,12.57,12.57,9800
2012-02-07,,,,12.57,0
2012-02-06,11.81,11.81,11.81,11.81,200
2012-02-06,,,,11.81,0
2012-02-03,12.66,12.66,12.66,12.66,100
2012-02-03,,,,12.66,0
2012-02-02,11.8,11.97,11.8,11.98,3000
2012-02-02,,,,11.98,0
2012-02-01,,,,11.21,0
2012-02-01,,,,11.21,0
2012-01-31,,,,11.21,0
2012-01-31,,,,11.21,0
2012-01-30,,,,11.21,0
2012-01-30,,,,11.21,0
2012-01-20,,,,11.21,0
2012-01-20,,,,11.21,0
2012-01-19,11.21,11.21,11.21,11.21,500
2012-01-19,,,,11.21,0
2012-01-18,,,,11.21,0
2012-01-18,,,,11.21,0
2012-01-17,11.21,11.21,11.21,11.21,200
2012-01-17,,,,11.21,0
2012-01-16,11.22,11.22,11.22,11.21,1100
2012-01-16,,,,11.21,0
2012-01-13,,,,11.98,0
2012-01-13,,,,11.98,0
2012-01-12,,,,11.98,0
2012-01-12,,,,11.98,0
2012-01-11,11.98,11.98,11.98,11.98,1000
2012-01-11,,,,11.98,0
2012-01-10,,,,12.83,0
2012-01-10,,,,12.83,0
2012-01-09,,,,12.83,0
2012-01-09,,,,12.83,0
2012-01-06,,,,12.83,0
2012-01-06,,,,12.83,0
2012-01-05,,,,12.83,0
2012-01-05,,,,12.83,0
2012-01-04,12.83,12.83,12.83,12.83,100
2012-01-04,,,,12.83,0
2012-01-03,12.82,12.82,12.82,12.83,3000
2012-01-03,,,,12.83,0
2011-12-30,12.23,12.23,12.23,12.23,100
2011-12-30,,,,12.23,0
2011-12-29,,,,11.55,0
2011-12-29,,,,11.55,0
2011-12-28,11.55,11.55,11.55,11.55,100
2011-12-28,,,,11.55,0
2011-12-27,10.88,10.88,10.88,10.87,300
2011-12-27,,,,10.87,0
2011-12-26,11.63,11.8,11.55,11.81,43900
2011-12-26,,,,11.81,0
2011-12-23,10.62,11.8,10.62,11.55,52400
2011-12-23,,,,11.55,0
2011-12-22,11.13,11.13,11.04,11.04,1400
2011-12-22,,,,11.04,0
2011-12-21,11.55,11.55,11.55,11.55,100
2011-12-21,,,,11.55,0
2011-12-20,12.4,12.4,12.4,12.4,200
2011-12-20,,,,12.4,0
2011-12-19,,,,13.25,0
2011-12-19,,,,13.25,0
2011-12-16,11.98,13.25,11.98,13.25,97600
2011-12-16,,,,13.25,0
2011-12-15,,,,12.32,0
2011-12-15,,,,12.32,0
2011-12-14,,,,12.32,0
2011-12-14,,,,12.32,0
2011-12-13,14.02,14.02,12.32,12.32,26100
2011-12-13,,,,12.32,0
2011-12-12,13.17,13.17,13.17,13.17,2000
2011-12-12,,,,13.17,0
2011-12-09,13.84,13.93,13.25,13.25,19500
2011-12-09,,,,13.25,0
2011-12-08,14.18,14.18,13.76,13.76,21200
2011-12-08,,,,13.76,0
2011-12-07,13.76,13.93,12.4,13.59,57600
2011-12-07,,,,13.59,0
2011-12-06,13.25,13.25,13.25,13.25,1100
2011-12-06,,,,13.25,0
2011-12-05,12.41,12.41,12.41,12.4,500
2011-12-05,,,,12.4,0
2011-12-02,12.32,12.49,12.32,12.49,8100
2011-12-02,,,,12.49,0
2011-12-01,12.4,12.4,12.32,12.32,4000
2011-12-01,,,,12.32,0
2011-11-30,11.98,13.25,11.56,13.25,6500
2011-11-30,,,,13.25,0
2011-11-29,12.57,12.57,12.32,12.32,4800
2011-11-29,,,,12.32,0
2011-11-28,13.17,13.17,13.09,13.08,46500
2011-11-28,,,,13.08,0
2011-11-25,14.25,14.25,13.34,13.34,4200
2011-11-25,,,,13.34,0
2011-11-24,14.34,14.34,14.34,14.33,1000
2011-11-24,,,,14.33,0
2011-11-23,15.33,15.33,15.33,15.33,68400
2011-11-23,,,,15.33,0
2011-11-22,15.0,15.0,14.83,14.83,40000
2011-11-22,,,,14.83,0
2011-11-21,13.25,14.49,13.25,14.5,24200
2011-11-21,,,,14.5,0
2011-11-18,13.67,13.67,13.43,13.5,900
2011-11-18,,,,13.5,0
2011-11-17,13.26,13.26,13.26,13.26,100
2011-11-17,,,,13.26,0
2011-11-16,13.26,13.26,13.26,13.26,300
2011-11-16,,,,13.26,0
2011-11-15,14.08,14.83,13.92,14.83,14500
2011-11-15,,,,14.83,0
2011-11-14,,,,14.91,0
2011-11-14,,,,14.91,0
2011-11-11,,,,14.91,0
2011-11-11,,,,14.91,0
2011-11-10,14.92,14.92,14.92,14.91,18500
2011-11-10,,,,14.91,0
2011-11-09,15.99,15.99,14.75,14.75,66800
2011-11-09,,,,14.75,0
2011-11-08,15.16,16.24,15.16,16.24,2000
2011-11-08,,,,16.24,0
2011-11-07,15.74,16.32,15.74,16.32,16400
2011-11-07,,,,16.32,0
2011-11-04,16.4,16.57,15.41,16.57,45000
2011-11-04,,,,16.57,0
2011-11-03,14.58,16.65,14.58,16.65,11000
2011-11-03,,,,16.65,0
2011-11-02,,,,14.58,0
2011-11-02,,,,14.58,0
2011-11-01,15.74,15.99,14.33,14.58,53100
2011-11-01,,,,14.58,0
2011-10-31,14.5,15.41,14.5,15.41,26500
2011-10-31,,,,15.41,0
2011-10-28,14.92,15.33,14.92,15.08,29900
2011-10-28,,,,15.08,0
2011-10-27,14.08,14.41,14.08,14.42,30500
2011-10-27,,,,14.42,0
2011-10-26,13.5,13.5,13.5,13.5,98300
2011-10-26,,,,13.5,0
2011-10-25,12.51,14.09,12.51,14.08,16200
2011-10-25,,,,14.08,0
2011-10-24,13.17,13.59,13.17,13.59,9100
2011-10-24,,,,13.59,0
2011-10-21,13.25,14.5,12.67,14.5,69600
2011-10-21,,,,14.5,0
2011-10-20,14.33,14.33,13.42,13.42,22900
2011-10-20,,,,13.42,0
2011-10-19,14.42,14.42,14.34,14.33,1100
2011-10-19,,,,14.33,0
2011-10-18,14.83,15.58,14.83,15.58,41500
2011-10-18,,,,15.58,0
2011-10-17,15.91,15.91,15.91,15.91,9000
2011-10-17,,,,15.91,0
2011-10-14,14.75,15.91,14.75,15.33,36000
2011-10-14,,,,15.33,0
2011-10-13,14.91,14.99,13.92,14.83,37300
2011-10-13,,,,14.83,0
2011-10-12,15.0,15.0,14.91,14.91,5200
2011-10-12,,,,14.91,0
2011-10-11,16.07,16.07,15.99,15.99,11600
2011-10-11,,,,15.99,0
2011-10-10,16.57,16.57,15.91,16.07,22700
2011-10-10,,,,16.07,0
2011-10-07,16.32,16.32,16.32,16.32,8000
2011-10-07,,,,16.32,0
2011-10-06,16.32,16.32,16.32,16.32,6000
2011-10-06,,,,16.32,0
2011-10-05,16.56,16.56,15.9,15.91,47500
2011-10-05,,,,15.91,0
2011-10-04,16.15,16.73,16.15,16.73,172900
2011-10-04,,,,16.73,0
2011-10-03,16.98,16.98,15.57,16.4,150600
2011-10-03,,,,16.4,0
2011-09-30,17.32,17.32,15.49,16.65,73500
2011-09-30,,,,16.65,0
2011-09-29,17.31,17.31,15.74,16.24,63800
2011-09-29,,,,16.24,0
2011-09-28,16.49,16.57,16.24,16.32,13900
2011-09-28,,,,16.32,0
2011-09-27,16.4,16.9,16.24,16.57,35800
2011-09-27,,,,16.57,0
2011-09-26,15.74,17.48,15.74,17.48,42700
2011-09-26,,,,17.48,0
2011-09-23,16.65,17.31,16.57,17.31,21700
2011-09-23,,,,17.31,0
2011-09-22,17.39,18.22,16.73,18.14,40000
2011-09-22,,,,18.14,0
2011-09-21,17.81,18.06,16.98,17.89,191500
2011-09-21,,,,17.89,0
2011-09-20,16.9,16.9,16.9,16.9,700
2011-09-20,,,,16.9,0
2011-09-19,15.82,16.24,15.24,16.24,94700
2011-09-19,,,,16.24,0
2011-09-16,14.91,15.49,14.91,15.49,49800
2011-09-16,,,,15.49,0
2011-09-15,14.25,14.91,14.17,14.91,83600
2011-09-15,,,,14.91,0
2011-09-14,14.66,14.75,14.5,14.5,27000
2011-09-14,,,,14.5,0
2011-09-13,14.75,14.92,14.34,14.58,41300
2011-09-13,,,,14.58,0
2011-09-12,14.75,14.91,14.08,14.75,46300
2011-09-12,,,,14.75,0
2011-09-09,14.83,14.83,14.83,14.83,17100
2011-09-09,,,,14.83,0
2011-09-08,14.91,14.91,14.58,14.58,15700
2011-09-08,,,,14.58,0
2011-09-07,15.57,15.66,15.57,15.66,49000
2011-09-07,,,,15.66,0
2011-09-06,14.58,14.91,14.33,14.33,36800
2011-09-06,,,,14.33,0
2011-09-05,15.66,15.75,14.5,14.5,61100
2011-09-05,,,,14.5,0
2011-09-01,15.16,15.16,14.41,15.0,49300
2011-09-01,,,,15.0,0
2011-08-31,14.66,14.66,14.25,14.66,66800
2011-08-31,,,,14.66,0
2011-08-30,14.58,14.58,12.76,14.58,127600
2011-08-30,,,,14.58,0
2011-08-29,13.42,14.0,13.42,14.0,11100
2011-08-29,,,,14.0,0
2011-08-26,12.6,13.43,12.6,13.42,60300
2011-08-26,,,,13.42,0
2011-08-25,12.59,12.67,12.34,12.68,71000
2011-08-25,,,,12.68,0
2011-08-24,12.51,12.68,12.18,12.26,61500
2011-08-24,,,,12.26,0
2011-08-23,12.34,12.84,12.26,12.43,36400
2011-08-23,,,,12.43,0
2011-08-22,13.01,13.01,12.93,12.92,32300
2011-08-22,,,,12.92,0
2011-08-19,13.34,13.59,12.18,13.01,65900
2011-08-19,,,,13.01,0
2011-08-18,12.34,13.0,11.68,12.1,47400
2011-08-18,,,,12.1,0
2011-08-17,11.76,12.34,11.76,12.34,20900
2011-08-17,,,,12.34,0
2011-08-16,12.18,12.59,11.84,12.59,26200
2011-08-16,,,,12.59,0
2011-08-15,11.93,12.68,11.93,12.01,17500
2011-08-15,,,,12.01,0
2011-08-12,13.01,13.01,12.26,12.43,16400
2011-08-12,,,,12.43,0
2011-08-11,12.59,12.59,11.84,11.85,48000
2011-08-11,,,,11.85,0
2011-08-10,,,,12.01,0
2011-08-10,,,,12.01,0
2011-08-09,12.76,12.76,12.02,12.01,27700
2011-08-09,,,,12.01,0
2011-08-08,13.5,13.5,12.67,12.68,3100
2011-08-08,,,,12.68,0
2011-08-05,13.83,14.0,13.17,14.0,5000
2011-08-05,,,,14.0,0
2011-08-04,14.17,14.17,14.0,14.08,13900
2011-08-04,,,,14.08,0
2011-08-03,14.08,14.08,13.92,14.0,3100
2011-08-03,,,,14.0,0
2011-08-02,,,,13.84,0
2011-08-02,,,,13.84,0
2011-08-01,14.91,14.91,13.83,13.84,21200
2011-08-01,,,,13.84,0
2011-07-29,14.92,15.16,14.25,15.16,3300
2011-07-29,,,,15.16,0
2011-07-28,15.33,16.16,14.5,14.75,34800
2011-07-28,,,,14.75,0
2011-07-27,15.91,15.91,15.25,15.33,9400
2011-07-27,,,,15.33,0
2011-07-26,15.08,15.33,15.08,15.33,12100
2011-07-26,,,,15.33,0
2011-07-25,15.82,15.82,14.91,15.08,26200
2011-07-25,,,,15.08,0
2011-07-22,15.74,15.91,15.74,15.82,28100
2011-07-22,,,,15.82,0
2011-07-21,15.08,15.74,15.08,15.74,18600
2011-07-21,,,,15.74,0
2011-07-20,15.65,15.82,15.16,15.16,32900
2011-07-20,,,,15.16,0
2011-07-19,15.99,15.99,15.33,15.82,2100
2011-07-19,,,,15.82,0
2011-07-18,16.57,16.57,15.66,16.32,42900
2011-07-18,,,,16.32,0
2011-07-15,15.83,16.49,15.74,16.49,14900
2011-07-15,,,,16.49,0
2011-07-14,15.82,15.91,14.17,15.91,24100
2011-07-14,,,,15.91,0
2011-07-13,15.17,15.17,15.17,15.16,1000
2011-07-13,,,,15.16,0
2011-07-12,14.91,14.99,14.91,15.0,1200
2011-07-12,,,,15.0,0
2011-07-11,15.74,15.74,15.74,15.74,7900
2011-07-11,,,,15.74,0
2011-07-08,17.4,17.4,16.07,16.24,32600
2011-07-08,,,,16.24,0
2011-07-07,17.64,17.73,16.48,16.57,37000
2011-07-07,,,,16.57,0
2011-07-06,17.98,17.98,16.98,16.98,27400
2011-07-06,,,,16.98,0
2011-07-05,17.73,17.73,17.4,17.73,25200
2011-07-05,,,,17.73,0
2011-07-04,18.56,18.56,18.56,18.56,13200
2011-07-04,,,,18.56,0
2011-07-01,19.31,19.31,17.65,17.65,41000
2011-07-01,,,,17.65,0
2011-06-30,19.39,19.47,18.23,18.23,17000
2011-06-30,,,,18.23,0
2011-06-29,19.89,20.3,17.98,18.23,31700
2011-06-29,,,,18.23,0
2011-06-28,19.8,19.8,18.47,18.56,23800
2011-06-28,,,,18.56,0
2011-06-27,20.71,20.71,19.3,19.3,9300
2011-06-27,,,,19.3,0
2011-06-24,21.45,21.45,20.46,20.46,28500
2011-06-24,,,,20.46,0
2011-06-23,21.96,21.96,20.46,20.46,10900
2011-06-23,,,,20.46,0
2011-06-22,22.12,22.37,20.63,20.63,13500
2011-06-22,,,,20.63,0
2011-06-21,22.29,22.7,21.21,21.21,17000
2011-06-21,,,,21.21,0
2011-06-20,23.03,23.03,21.21,21.21,11600
2011-06-20,,,,21.21,0
2011-06-17,22.61,22.94,21.45,21.54,11500
2011-06-17,,,,21.54,0
2011-06-16,22.2,23.11,22.2,23.11,11700
2011-06-16,,,,23.11,0
2011-06-15,23.61,23.94,21.87,23.86,28100
2011-06-15,,,,23.86,0
2011-06-14,21.04,24.19,21.04,23.11,58500
2011-06-14,,,,23.11,0
2011-06-13,23.04,23.12,21.3,21.29,39900
2011-06-13,,,,21.29,0
2011-06-10,23.2,23.78,21.13,21.13,30800
2011-06-10,,,,21.13,0
2011-06-09,22.36,22.7,22.36,22.37,25600
2011-06-09,,,,22.37,0
2011-06-08,20.55,22.04,20.3,20.79,19700
2011-06-08,,,,20.79,0
2011-06-07,19.8,21.21,19.06,21.21,50000
2011-06-07,,,,21.21,0
2011-06-06,19.72,20.63,18.4,18.56,35700
2011-06-06,,,,18.56,0
2011-06-03,18.8,20.05,18.22,18.23,18500
2011-06-03,,,,18.23,0
2011-06-02,18.14,19.06,17.15,18.39,30700
2011-06-02,,,,18.39,0
2011-06-01,17.23,19.05,17.23,18.31,112200
2011-06-01,,,,18.31,0
2011-05-31,19.22,19.22,16.74,16.73,3600
2011-05-31,,,,16.73,0
2011-05-30,18.22,18.22,17.14,17.15,400
2011-05-30,,,,17.15,0
2011-05-27,18.81,18.81,17.4,17.89,3000
2011-05-27,,,,17.89,0
2011-05-26,17.65,17.65,17.65,17.65,600
2011-05-26,,,,17.65,0
2011-05-25,18.23,18.97,17.73,17.73,15200
2011-05-25,,,,17.73,0
2011-05-24,18.22,19.3,17.06,18.56,34300
2011-05-24,,,,18.56,0
2011-05-23,18.55,18.55,16.65,16.65,13000
2011-05-23,,,,16.65,0
2011-05-20,17.89,17.89,17.89,17.89,500
2011-05-20,,,,17.89,0
2011-05-19,19.38,19.38,18.14,18.14,23400
2011-05-19,,,,18.14,0
2011-05-18,17.57,19.97,17.57,17.56,18800
2011-05-18,,,,17.56,0
2011-05-17,18.8,18.8,18.8,18.81,1800
2011-05-17,,,,18.81,0
2011-05-16,20.21,20.21,20.21,20.21,11300
2011-05-16,,,,20.21,0
2011-05-13,20.46,20.46,20.46,20.46,17200
2011-05-13,,,,20.46,0
2011-05-12,20.87,20.87,19.88,19.88,25200
2011-05-12,,,,19.88,0
2011-05-11,20.46,20.46,20.46,20.46,16900
2011-05-11,,,,20.46,0
2011-05-10,20.21,20.21,19.88,19.88,26700
2011-05-10,,,,19.88,0
2011-05-09,19.71,19.71,19.63,19.63,3200
2011-05-09,,,,19.63,0
2011-05-06,21.62,21.62,20.21,20.21,11700
2011-05-06,,,,20.21,0
2011-05-05,21.37,21.87,20.05,20.13,24500
2011-05-05,,,,20.13,0
2011-05-04,21.54,21.71,19.88,19.88,6100
2011-05-04,,,,19.88,0
2011-04-29,20.46,21.54,20.46,20.63,24700
2011-04-29,,,,20.63,0
2011-04-28,20.79,20.79,19.47,19.47,9700
2011-04-28,,,,19.47,0
2011-04-27,20.88,20.88,19.88,19.88,6300
2011-04-27,,,,19.88,0
2011-04-26,21.87,21.87,20.05,20.05,16800
2011-04-26,,,,20.05,0
2011-04-25,21.54,21.54,21.54,21.54,500
2011-04-25,,,,21.54,0
2011-04-22,,,,21.87,0
2011-04-22,,,,21.87,0
2011-04-21,21.87,21.87,21.87,21.87,1800
2011-04-21,,,,21.87,0
2011-04-20,,,,20.71,0
2011-04-20,,,,20.71,0
2011-04-19,21.96,22.21,20.72,20.71,26100
2011-04-19,,,,20.71,0
2011-04-18,22.7,22.78,21.13,21.13,27600
2011-04-18,,,,21.13,0
2011-04-15,,,,22.62,0
2011-04-15,,,,22.62,0
2011-04-14,22.7,22.7,22.54,22.62,31400
2011-04-14,,,,22.62,0
2011-04-13,21.13,21.87,21.05,21.79,20600
2011-04-13,,,,21.79,0
2011-04-08,22.37,22.62,22.37,22.62,13200
2011-04-08,,,,22.62,0
2011-04-07,21.96,22.45,21.21,22.29,18300
2011-04-07,,,,22.29,0
2011-04-06,21.54,22.62,21.54,21.79,7400
2011-04-06,,,,21.79,0
2011-04-05,21.96,22.79,21.96,22.7,13100
2011-04-05,,,,22.7,0
2011-04-04,23.78,23.78,22.87,22.87,2600
2011-04-04,,,,22.87,0
2011-04-01,24.68,24.68,23.19,23.2,28300
2011-04-01,,,,23.2,0
2011-03-31,24.52,24.85,24.52,24.85,7200
2011-03-31,,,,24.85,0
2011-03-30,23.94,24.35,23.94,24.27,10400
2011-03-30,,,,24.27,0
2011-03-29,24.03,24.69,22.79,23.94,34700
2011-03-29,,,,23.94,0
2011-03-28,22.73,24.36,21.92,24.36,51600
2011-03-28,,,,24.36,0
2011-03-25,23.06,23.06,21.92,21.92,23200
2011-03-25,,,,21.92,0
2011-03-24,22.98,22.98,21.92,22.33,14500
2011-03-24,,,,22.33,0
2011-03-23,22.41,22.41,21.92,21.92,8100
2011-03-23,,,,21.92,0
2011-03-22,23.13,23.54,22.4,22.98,23600
2011-03-22,,,,22.98,0
2011-03-21,20.95,23.06,20.3,22.81,71500
2011-03-21,,,,22.81,0
2011-03-18,21.68,21.76,20.71,21.76,46000
2011-03-18,,,,21.76,0
2011-03-17,19.81,21.35,18.59,21.03,53100
2011-03-17,,,,21.03,0
2011-03-16,19.33,20.46,19.25,19.24,36500
2011-03-16,,,,19.24,0
2011-03-15,20.7,21.02,19.48,19.49,15400
2011-03-15,,,,19.49,0
2011-03-14,20.71,21.03,20.71,20.7,5300
2011-03-14,,,,20.7,0
2011-03-11,22.49,22.49,21.52,21.68,20200
2011-03-11,,,,21.68,0
2011-03-10,20.29,21.76,20.29,21.52,28200
2011-03-10,,,,21.52,0
2011-03-09,21.35,21.35,21.35,21.35,21000
2011-03-09,,,,21.35,0
2011-03-08,20.62,21.19,19.73,19.73,26100
2011-03-08,,,,19.73,0
2011-03-07,19.97,19.97,19.16,19.89,20900
2011-03-07,,,,19.89,0
2011-03-04,21.03,21.03,19.0,19.16,7900
2011-03-04,,,,19.16,0
2011-03-03,20.38,20.38,20.38,20.38,8600
2011-03-03,,,,20.38,0
2011-03-02,21.92,21.92,21.84,21.84,7600
2011-03-02,,,,21.84,0
2011-03-01,23.47,23.47,21.93,22.08,11600
2011-03-01,,,,22.08,0
2011-02-28,23.7,23.7,22.16,22.25,5800
2011-02-28,,,,22.25,0
2011-02-25,22.98,22.98,22.82,22.81,16800
2011-02-25,,,,22.81,0
2011-02-24,24.76,24.76,23.62,23.63,10800
2011-02-24,,,,23.63,0
2011-02-23,21.92,24.35,21.92,22.81,30600
2011-02-23,,,,22.81,0
2011-02-22,22.89,22.89,22.81,22.81,2800
2011-02-22,,,,22.81,0
2011-02-21,25.9,26.63,23.3,23.3,32800
2011-02-21,,,,23.3,0
2011-02-18,26.79,26.79,24.68,24.68,17400
2011-02-18,,,,24.68,0
2011-02-17,26.47,26.71,25.57,25.98,43400
2011-02-17,,,,25.98,0
2011-02-16,26.39,26.63,25.17,26.63,34200
2011-02-16,,,,26.63,0
2011-02-15,25.98,27.03,25.08,26.39,49800
2011-02-15,,,,26.39,0
2011-02-14,24.76,27.52,24.76,26.22,55300
2011-02-14,,,,26.22,0
2011-02-11,25.5,26.71,25.5,25.98,44000
2011-02-11,,,,25.98,0
2011-02-10,24.77,25.74,22.9,25.74,225000
2011-02-10,,,,25.74,0
2011-02-09,24.77,25.17,23.55,23.71,24900
2011-02-09,,,,23.71,0
2011-01-28,25.17,25.17,24.84,24.84,75800
2011-01-28,,,,24.84,0
2011-01-27,26.63,26.88,26.63,26.63,39600
2011-01-27,,,,26.63,0
2011-01-26,28.83,29.15,27.04,27.04,34400
2011-01-26,,,,27.04,0
2011-01-25,28.82,29.23,28.34,28.34,31800
2011-01-25,,,,28.34,0
2011-01-24,29.88,30.85,29.23,29.23,122200
2011-01-24,,,,29.23,0
2011-01-21,28.42,29.56,28.34,29.23,137400
2011-01-21,,,,29.23,0
2011-01-20,27.68,27.68,27.68,27.69,27700
2011-01-20,,,,27.69,0
2011-01-19,23.39,26.15,23.39,26.14,219400
2011-01-19,,,,26.14,0
2011-01-18,24.28,25.82,24.28,24.28,64000
2011-01-18,,,,24.28,0
2011-01-17,25.98,27.52,25.9,25.9,22400
2011-01-17,,,,25.9,0
2011-01-14,28.41,28.57,26.54,27.52,88200
2011-01-14,,,,27.52,0
2011-01-13,27.2,28.01,26.71,27.6,29500
2011-01-13,,,,27.6,0
2011-01-12,25.01,28.17,24.84,26.79,309000
2011-01-12,,,,26.79,0
2011-01-11,27.84,28.41,25.9,25.9,164000
2011-01-11,,,,25.9,0
2011-01-10,27.52,28.09,27.52,27.6,67400
2011-01-10,,,,27.6,0
2011-01-07,26.06,26.71,25.66,26.63,79600
2011-01-07,,,,26.63,0
2011-01-06,23.71,25.25,23.63,25.25,154000
2011-01-06,,,,25.25,0
2011-01-05,22.74,24.28,22.74,24.28,141000
2011-01-05,,,,24.28,0
2011-01-04,22.33,23.22,21.28,23.06,91700
2011-01-04,,,,23.06,0
2010-12-31,21.76,22.24,20.86,20.87,85400
2010-12-31,,,,20.87,0
2010-12-30,21.11,22.32,21.11,21.35,106000
2010-12-30,,,,21.35,0
2010-12-29,20.54,21.6,20.46,21.43,171400
2010-12-29,,,,21.43,0
2010-12-28,19.57,20.71,19.57,20.3,157000
2010-12-28,,,,20.3,0
2010-12-27,20.54,20.54,18.75,19.49,64700
2010-12-27,,,,19.49,0
2010-12-24,20.14,20.14,18.92,19.4,31100
2010-12-24,,,,19.4,0
2010-12-23,19.49,19.81,18.92,18.92,30500
2010-12-23,,,,18.92,0
2010-12-22,20.95,20.95,19.0,19.65,57900
2010-12-22,,,,19.65,0
2010-12-21,19.65,19.65,19.0,19.65,208900
2010-12-21,,,,19.65,0
2010-12-20,18.43,18.43,18.43,18.43,9800
2010-12-20,,,,18.43,0
2010-12-17,16.65,17.62,16.48,17.62,32900
2010-12-17,,,,17.62,0
2010-12-16,18.59,18.67,16.23,16.24,77400
2010-12-16,,,,16.24,0
2010-12-15,18.6,18.68,17.3,18.02,45300
2010-12-15,,,,18.02,0
2010-12-14,20.54,20.54,18.1,18.11,66700
2010-12-14,,,,18.11,0
2010-12-13,19.25,19.41,19.25,19.4,50300
2010-12-13,,,,19.4,0
2010-12-10,18.19,18.19,17.87,18.19,61600
2010-12-10,,,,18.19,0
2010-12-09,17.69,18.02,16.48,17.46,71500
2010-12-09,,,,17.46,0
2010-12-08,17.05,18.19,16.89,17.37,100200
2010-12-08,,,,17.37,0
2010-12-07,17.46,17.54,16.08,17.54,190500
2010-12-07,,,,17.54,0
2010-12-06,16.24,16.89,15.42,16.73,89200
2010-12-06,,,,16.73,0
2010-12-03,15.34,15.83,15.34,15.83,64200
2010-12-03,,,,15.83,0
2010-12-02,14.21,15.34,14.21,15.1,65400
2010-12-02,,,,15.1,0
2010-12-01,14.61,14.85,13.72,13.8,47900
2010-12-01,,,,13.8,0
2010-11-30,13.72,14.62,13.72,14.61,79300
2010-11-30,,,,14.61,0
2010-11-29,13.4,14.21,12.99,14.13,49400
2010-11-29,,,,14.13,0
2010-11-26,12.75,13.56,12.75,13.48,94700
2010-11-26,,,,13.48,0
2010-11-25,12.09,12.74,12.09,12.67,40600
2010-11-25,,,,12.67,0
2010-11-24,11.53,12.18,11.37,11.93,13400
2010-11-24,,,,11.93,0
2010-11-23,11.86,12.1,11.86,12.1,18400
2010-11-23,,,,12.1,0
2010-11-22,11.36,11.52,11.28,11.29,20400
2010-11-22,,,,11.29,0
2010-11-19,12.75,12.75,11.94,11.93,15500
2010-11-19,,,,11.93,0
2010-11-18,12.59,12.75,12.34,12.75,18200
2010-11-18,,,,12.75,0
2010-11-17,11.94,12.26,11.61,12.18,30000
2010-11-17,,,,12.18,0
2010-11-16,12.17,12.17,11.36,12.02,34600
2010-11-16,,,,12.02,0
2010-11-15,12.18,12.34,11.85,11.85,19900
2010-11-15,,,,11.85,0
2010-11-12,12.1,12.67,12.1,12.34,24000
2010-11-12,,,,12.34,0
2010-11-11,13.07,13.31,12.26,12.26,45000
2010-11-11,,,,12.26,0
2010-11-10,12.58,13.55,12.42,13.23,38000
2010-11-10,,,,13.23,0
2010-11-09,13.64,13.64,13.24,13.23,45800
2010-11-09,,,,13.23,0
2010-11-08,14.29,14.37,14.05,14.13,24900
2010-11-08,,,,14.13,0
2010-11-05,15.43,15.43,14.62,14.86,42000
2010-11-05,,,,14.86,0
2010-11-04,13.81,15.11,13.81,14.78,48300
2010-11-04,,,,14.78,0
2010-11-03,14.29,14.29,14.05,14.05,21800
2010-11-03,,,,14.05,0
2010-11-02,16.0,16.0,14.78,14.78,33800
2010-11-02,,,,14.78,0
2010-11-01,16.32,16.48,15.02,15.43,18700
2010-11-01,,,,15.43,0
2010-10-29,15.02,16.0,15.02,15.51,49800
2010-10-29,,,,15.51,0
2010-10-28,16.24,16.24,14.62,14.7,27700
2010-10-28,,,,14.7,0
2010-10-27,15.5,15.5,15.1,15.51,102000
2010-10-27,,,,15.51,0
2010-10-26,13.8,14.53,13.8,14.53,17000
2010-10-26,,,,14.53,0
2010-10-25,13.48,14.62,13.15,14.37,45100
2010-10-25,,,,14.37,0
2010-10-22,14.21,14.21,13.89,14.21,39500
2010-10-22,,,,14.21,0
2010-10-21,15.1,15.1,14.53,14.7,12800
2010-10-21,,,,14.7,0
2010-10-20,15.11,15.19,15.11,15.1,29900
2010-10-20,,,,15.1,0
2010-10-19,17.05,17.05,16.08,16.08,21600
2010-10-19,,,,16.08,0
2010-10-18,17.13,18.27,17.05,17.05,15700
2010-10-18,,,,17.05,0
2010-10-15,19.32,19.32,17.37,17.86,19600
2010-10-15,,,,17.86,0
2010-10-14,19.48,19.48,18.43,18.51,12100
2010-10-14,,,,18.51,0
2010-10-13,18.43,18.67,18.27,18.51,25000
2010-10-13,,,,18.51,0
2010-10-12,18.83,19.08,18.35,18.35,20300
2010-10-12,,,,18.35,0
2010-10-11,19.73,19.73,18.68,18.67,19100
2010-10-11,,,,18.67,0
2010-10-08,19.89,20.21,19.65,19.65,23600
2010-10-08,,,,19.65,0
2010-10-07,20.7,20.86,19.89,19.89,29100
2010-10-07,,,,19.89,0
2010-10-06,21.11,21.11,20.3,20.78,31400
2010-10-06,,,,20.78,0
2010-10-05,19.57,20.7,19.57,20.54,35200
2010-10-05,,,,20.54,0
2010-10-04,20.95,21.11,20.22,20.54,60900
2010-10-04,,,,20.54,0
2010-10-01,21.76,21.92,21.43,21.52,52300
2010-10-01,,,,21.52,0
2010-09-30,21.6,22.0,21.51,22.0,26400
2010-09-30,,,,22.0,0
2010-09-29,22.82,22.82,21.84,21.92,37200
2010-09-29,,,,21.92,0
2010-09-28,23.38,23.87,23.14,23.14,22500
2010-09-28,,,,23.14,0
2010-09-27,23.95,24.11,22.73,23.14,24200
2010-09-27,,,,23.14,0
2010-09-24,21.76,23.22,21.51,23.14,57700
2010-09-24,,,,23.14,0
2010-09-23,23.55,23.87,22.33,22.73,63900
2010-09-23,,,,22.73,0
2010-09-22,24.03,24.11,23.14,23.14,18100
2010-09-22,,,,23.14,0
2010-09-21,25.5,26.39,23.79,23.87,37800
2010-09-21,,,,23.87,0
2010-09-20,26.79,26.79,25.09,25.09,53800
2010-09-20,,,,25.09,0
2010-09-17,23.55,25.25,23.55,25.25,90600
2010-09-17,,,,25.25,0
2010-09-16,23.55,25.01,23.31,23.71,74500
2010-09-16,,,,23.71,0
2010-09-15,27.11,27.11,24.84,24.93,93400
2010-09-15,,,,24.93,0
2010-09-14,26.79,26.79,26.39,26.79,12600
2010-09-14,,,,26.79,0
2010-09-13,27.77,27.93,25.98,25.98,39000
2010-09-13,,,,25.98,0
2010-09-10,27.61,28.01,25.66,27.36,199100
2010-09-10,,,,27.36,0
2010-09-09,25.98,27.2,24.84,27.12,214600
2010-09-09,,,,27.12,0
2010-09-08,26.79,26.79,26.55,26.55,44800
2010-09-08,,,,26.55,0
2010-09-07,29.96,29.96,27.2,27.36,55900
2010-09-07,,,,27.36,0
2010-09-06,28.18,28.18,27.61,28.17,53800
2010-09-06,,,,28.17,0
2010-09-01,26.14,26.38,24.43,26.39,63600
2010-09-01,,,,26.39,0
2010-08-31,24.28,24.84,24.11,24.84,48300
2010-08-31,,,,24.84,0
2010-08-30,23.14,23.22,23.14,23.22,15500
2010-08-30,,,,23.22,0
2010-08-27,23.14,23.14,21.59,21.84,36900
2010-08-27,,,,21.84,0
2010-08-26,23.54,24.36,21.76,23.38,41900
2010-08-26,,,,23.38,0
2010-08-25,24.35,24.35,23.3,23.3,30700
2010-08-25,,,,23.3,0
2010-08-24,26.72,26.72,24.85,24.84,70900
2010-08-24,,,,24.84,0
2010-08-23,26.06,27.53,26.06,27.04,47900
2010-08-23,,,,27.04,0
2010-08-20,28.01,28.26,26.88,27.77,59500
2010-08-20,,,,27.77,0
2010-08-19,27.61,28.42,27.61,27.85,36100
2010-08-19,,,,27.85,0
2010-08-18,28.74,28.74,26.88,27.2,40200
2010-08-18,,,,27.2,0
2010-08-17,27.85,29.31,27.69,27.85,44900
2010-08-17,,,,27.85,0
2010-08-16,28.83,29.64,28.83,29.07,84800
2010-08-16,,,,29.07,0
2010-08-13,26.8,29.23,26.8,28.42,23100
2010-08-13,,,,28.42,0
2010-08-12,27.12,28.58,27.04,27.04,87800
2010-08-12,,,,27.04,0
2010-08-11,27.44,29.3,27.44,29.31,34400
2010-08-11,,,,29.31,0
2010-08-10,29.15,29.15,26.72,27.6,73600
2010-08-10,,,,27.6,0
2010-08-09,30.69,30.69,27.69,27.69,65600
2010-08-09,,,,27.69,0
2010-08-06,28.58,29.8,28.42,29.39,32200
2010-08-06,,,,29.39,0
2010-08-05,31.17,31.66,29.23,29.96,128800
2010-08-05,,,,29.96,0
2010-08-04,31.66,31.66,30.53,31.58,30400
2010-08-04,,,,31.58,0
2010-08-03,32.88,32.88,32.55,32.72,18600
2010-08-03,,,,32.72,0
2010-08-02,33.29,33.94,32.8,33.04,30400
2010-08-02,,,,33.04,0
2010-07-30,34.83,34.83,33.61,33.86,54600
2010-07-30,,,,33.86,0
2010-07-29,33.77,34.91,33.61,34.1,77000
2010-07-29,,,,34.1,0
2010-07-28,35.96,35.96,33.94,34.18,61000
2010-07-28,,,,34.18,0
2010-07-27,35.32,35.72,34.83,35.64,83100
2010-07-27,,,,35.64,0
2010-07-26,36.05,36.29,34.51,34.91,52500
2010-07-26,,,,34.91,0
2010-07-23,33.37,35.73,31.34,34.83,206400
2010-07-23,,,,34.83,0
2010-07-22,35.31,36.13,32.88,33.86,111000
2010-07-22,,,,33.86,0
2010-07-21,35.73,36.54,34.51,35.72,92200
2010-07-21,,,,35.72,0
2010-07-20,39.71,39.71,36.05,36.54,66600
2010-07-20,,,,36.54,0
2010-07-19,37.35,38.73,37.35,37.92,166400
2010-07-19,,,,37.92,0
2010-07-16,36.54,36.78,36.05,36.54,205800
2010-07-16,,,,36.54,0
2010-07-15,39.37,39.37,38.56,38.57,154600
2010-07-15,,,,38.57,0
2010-07-14,42.22,43.04,38.98,40.43,215000
2010-07-14,,,,40.43,0
2010-07-13,39.78,41.57,39.38,40.6,156700
2010-07-13,,,,40.6,0
2010-07-12,39.54,39.54,34.92,39.54,276600
2010-07-12,,,,39.54,0
2010-07-09,34.59,37.27,34.59,37.27,295800
2010-07-09,,,,37.27,0
2010-07-08,32.96,35.72,32.96,34.51,105100
2010-07-08,,,,34.51,0
2010-07-07,35.97,35.97,34.1,34.1,108400
2010-07-07,,,,34.1,0
2010-07-06,35.72,36.94,35.15,35.56,99600
2010-07-06,,,,35.56,0
2010-07-05,36.78,36.78,34.92,35.64,171500
2010-07-05,,,,35.64,0
2010-07-02,37.35,37.84,35.73,35.89,269000
2010-07-02,,,,35.89,0
2010-07-01,34.1,37.92,33.05,36.62,437000
2010-07-01,,,,36.62,0
2010-06-30,38.97,38.97,34.59,35.24,114200
2010-06-30,,,,35.24,0
2010-06-29,34.99,37.42,34.1,37.43,223100
2010-06-29,,,,37.43,0
2010-06-28,33.61,35.07,32.96,35.07,160900
2010-06-28,,,,35.07,0
2010-06-25,32.39,32.96,30.12,32.96,264900
2010-06-25,,,,32.96,0
2010-06-24,30.04,30.85,30.04,30.85,219500
2010-06-24,,,,30.85,0
2010-06-23,29.71,30.44,28.41,30.2,99500
2010-06-23,,,,30.2,0
2010-06-22,31.66,31.66,30.2,30.2,66000
2010-06-22,,,,30.2,0
2010-06-21,33.61,33.61,30.12,31.5,66900
2010-06-21,,,,31.5,0
2010-06-18,31.5,31.5,29.47,31.5,294300
2010-06-18,,,,31.5,0
2010-06-17,29.47,29.47,29.47,29.47,49400
2010-06-17,,,,29.47,0
2010-06-16,27.61,27.61,27.61,27.6,31200
2010-06-15,25.81,25.81,25.81,25.82,2900
2010-06-14,24.2,24.2,24.2,24.19,3200
2010-06-11,19.97,22.89,19.97,22.9,77700
2010-06-10,21.35,22.73,21.27,22.73,2000
2010-06-09,22.73,22.73,22.65,22.65,700
2010-06-08,22.0,22.08,21.92,22.08,13800
2010-06-07,21.28,22.74,21.28,22.49,7700
2010-06-04,22.57,22.73,22.25,22.25,7000
2010-06-03,23.87,23.87,23.13,23.14,1600
2010-06-02,22.73,23.38,22.73,22.81,8400
2010-06-01,25.17,25.17,22.57,22.73,10900
2010-05-31,23.87,25.49,23.87,23.87,4100
2010-05-28,23.95,23.95,23.55,23.95,41300
2010-05-27,21.92,23.06,21.92,22.98,12900
2010-05-26,20.46,23.38,20.46,21.19,27800
2010-05-25,21.92,21.92,21.84,21.84,6100
2010-05-24,23.55,23.55,23.47,23.46,4100
2010-05-21,25.16,26.38,24.92,26.39,16100
2010-05-20,28.33,28.33,25.98,26.22,25300
